2024-09-21T12:00:00 5.20417042793042e-17 -0.0226648106043471 0.999743120186515
2024-09-21T12:00:09 -1.15804191160534e-05 -0.022666070749332 0.999743091550364
2024-09-21T12:00:20 -2.31592836180631e-05 -0.0226703701576964 0.999742993864203
2024-09-21T12:00:29 -3.47350391023127e-05 -0.0226777122352781 0.999742827011653
2024-09-21T12:00:39 -4.63061315854763e-05 -0.0226881024074359 0.999742590802698
2024-09-21T12:00:50 -5.78710077172305e-05 -0.0227015481513006 0.999742284972723
2024-09-21T12:00:59 -6.94281149884162e-05 -0.0227180590314799 0.999741909181354
2024-09-21T12:01:09 -8.09759019435374e-05 -0.0227376466701141 0.999741463012717
2024-09-21T12:01:20 -9.25128183861977e-05 -0.0227603247894156 0.999740945973935
2024-09-21T12:01:29 -0.000104037315596047 -0.022786109257869 0.999740357493447
2024-09-21T12:01:39 -0.000115547846535073 -0.0228150180707535 0.999739696920717
2024-09-21T12:01:50 -0.000127042866052207 -0.0228470714035474 0.999738963524175
2024-09-21T12:01:59 -0.000138520831103218 -0.0228822916693013 0.999738156488958
2024-09-21T12:02:10 -0.000149980200949342 -0.0229207035025635 0.999737274916209
2024-09-21T12:02:20 -0.00016141943737361 -0.0229623338633342 0.999736317819511
2024-09-21T12:02:29 -0.000172837004883649 -0.0230072120290222 0.999735284123763
2024-09-21T12:02:40 -0.00018423137092231 -0.0230553696681054 0.999734172662048
2024-09-21T12:02:50 -0.000195601006076143 -0.0231068409185298 0.999732982172246
2024-09-21T12:02:59 -0.000206944384278333 -0.0231616624004777 0.999731711295019
2024-09-21T12:03:10 -0.000218259983020944 -0.0232198733040716 0.999730358569911
2024-09-21T12:03:20 -0.00022954628355448 -0.0232815154824665 0.999728922431148
2024-09-21T12:03:29 -0.000240801771099632 -0.0233466334794211 0.999727401204791
2024-09-21T12:03:40 -0.000252024935049712 -0.0234152746330077 0.999725793103936
2024-09-21T12:03:49 -0.000263214269173149 -0.0234874891855356 0.999724096223557
2024-09-21T12:03:59 -0.000274368271819411 -0.0235633303281509 0.999722308536675
2024-09-21T12:04:10 -0.000285485446123179 -0.0236428543230692 0.999720427888476
2024-09-21T12:04:19 -0.000296564300203977 -0.023726120633059 0.99971845199002
2024-09-21T12:04:29 -0.000307603347370652 -0.0238131919859272 0.999716378413209
2024-09-21T12:04:40 -0.000318601106320397 -0.0239041345184703 0.999714204583619
2024-09-21T12:04:49 -0.000329556101339058 -0.0239990179289801 0.999711927772806
2024-09-21T12:04:59 -0.000340466862503779 -0.0240979155652529 0.999709545091836
2024-09-21T12:05:10 -0.000351331925878811 -0.0242009045943058 0.999707053482516
2024-09-21T12:05:19 -0.000362149833711678 -0.0243080661822825 0.999704449708
2024-09-21T12:05:29 -0.000372919134635735 -0.0244194856106112 0.999701730344522
2024-09-21T12:05:40 -0.00038363838386068 -0.0245352524766045 0.999698891770667
2024-09-21T12:05:49 -0.000394306143371763 -0.0246554609063057 0.999695930155846
2024-09-21T12:06:00 -0.000404920982121422 -0.0247802096962572 0.999692841450017
2024-09-21T12:06:10 -0.000415481476224472 -0.0249096025935677 0.99968962136944
2024-09-21T12:06:19 -0.000425986209148581 -0.025043748464539 0.999686265384593
2024-09-21T12:06:30 -0.000436433771907048 -0.02518276156201 0.99968276870499
2024-09-21T12:06:40 -0.000446822763248256 -0.0253267618096605 0.99967912626285
2024-09-21T12:06:49 -0.000457151789843239 -0.0254758750265818 0.999675332697507
2024-09-21T12:07:00 -0.000467419466479063 -0.025630233246991 0.999671382336589
2024-09-21T12:07:10 -0.000477624416238661 -0.0257899750608013 0.999667269175739
2024-09-21T12:07:19 -0.000487765270691444 -0.0259552458971847 0.9996629868588
2024-09-21T12:07:30 -0.000497840670075382 -0.0261261984091435 0.999658528654337
2024-09-21T12:07:39 -0.000507849263482528 -0.0263029928676506 0.99965388743071
2024-09-21T12:07:49 -0.000517789709038254 -0.0264857975839109 0.999649055629105
2024-09-21T12:08:00 -0.000527660674084825 -0.0266747892775305 0.99964402523659
2024-09-21T12:08:09 -0.000537460835358688 -0.0268701536392521 0.999638787752483
2024-09-21T12:08:19 -0.00054718887917182 -0.0270720857647259 0.999633334156419
2024-09-21T12:08:30 -0.000556843501583924 -0.0272807907221058 0.999627654870998
2024-09-21T12:08:39 -0.00056642340858252 -0.0274964841604635 0.999621739721249
2024-09-21T12:08:49 -0.000575927316254239 -0.027719392877505 0.999615577892936
2024-09-21T12:09:00 -0.000585353950958838 -0.0279497555168271 0.999609157884871
2024-09-21T12:09:09 -0.000594702049500422 -0.0281878233171722 0.999602467456995
2024-09-21T12:09:19 -0.00060397035929734 -0.0284338608310429 0.9995954935763
2024-09-21T12:09:30 -0.00061315763854991 -0.0286881467882685 0.999588222355368
2024-09-21T12:09:39 -0.000622262656407729 -0.0289509750264636 0.999580638985271
2024-09-21T12:09:50 -0.000631284193135573 -0.0292226553948516 0.999572727665146
2024-09-21T12:10:00 -0.000640221040277216 -0.0295035148830788 0.999564471520754
2024-09-21T12:10:09 -0.000649072000816643 -0.0297938986874584 0.999555852519778
2024-09-21T12:10:20 -0.000657835889338434 -0.0300941714691489 0.999546851375926
2024-09-21T12:10:30 -0.000666511532189535 -0.030404718716544 0.999537447443639
2024-09-21T12:10:39 -0.000675097767634603 -0.0307259481277026 0.999527618605238
2024-09-21T12:10:50 -0.000683593446010503 -0.0310582912078773 0.999517341143838
2024-09-21T12:11:00 -0.000691997429883253 -0.0314022050051067 0.999506589603277
2024-09-21T12:11:09 -0.000700308594199928 -0.031758173900385 0.999495336636638
2024-09-21T12:11:20 -0.00070852582643749 -0.0321267116577948 0.999483552835768
2024-09-21T12:11:29 -0.00071664802675287 -0.0325083636598551 0.999471206542622
2024-09-21T12:11:39 -0.000724674108132068 -0.0329037092467119 0.999458263643482
2024-09-21T12:11:50 -0.000732602996529887 -0.0333133643775644 0.999444687337272
2024-09-21T12:11:59 -0.000740433631021399 -0.033737984543945 0.99943043787797
2024-09-21T12:12:09 -0.000748164963938734 -0.0341782678579176 0.999415472291388
2024-09-21T12:12:20 -0.000755795961010738 -0.034634958550478 0.999399744055737
2024-09-21T12:12:29 -0.000763325601503734 -0.0351088508174808 0.999383202744724
2024-09-21T12:12:39 -0.000770752878356696 -0.0356007929444036 0.999365793632007
2024-09-21T12:12:50 -0.000778076798314536 -0.0361116919679165 0.999347457243831
2024-09-21T12:12:59 -0.000785296382062709 -0.0366425188247321 0.999328128856469
2024-09-21T12:13:10 -0.000792410664356373 -0.0371943139208328 0.999307737935266
2024-09-21T12:13:20 -0.000799418694149332 -0.0377681934998541 0.999286207494884
2024-09-21T12:13:29 -0.000806319534719841 -0.0383653565156904 0.999263453383657
2024-09-21T12:13:40 -0.000813112263797166 -0.0389870924127656 0.999239383468068
2024-09-21T12:13:50 -0.000819795973682915 -0.0396347897970624 0.999213896706958
2024-09-21T12:13:59 -0.00082636977137181 -0.0403099459947604 0.999186882103093
2024-09-21T12:14:10 -0.000832832778671678 -0.0410141778768066 0.99915821750244
2024-09-21T12:14:20 -0.000839184132316829 -0.0417492339977918 0.999127768221157
2024-09-21T12:14:29 -0.000845422984085744 -0.0425170081077278 0.999095385477055
2024-09-21T12:14:40 -0.000851548500915072 -0.043319554508781 0.999060904581053
2024-09-21T12:14:50 -0.000857559865005187 -0.0441591053965776 0.99902414285224
2024-09-21T12:14:59 -0.000863456273930696 -0.0450380903524236 0.998984897213501
2024-09-21T12:15:10 -0.000869236940749419 -0.0459591586110167 0.998942941397009
2024-09-21T12:15:19 -0.000874901094100691 -0.0469252044035162 0.998898022692889
2024-09-21T12:15:29 -0.00088044797831463 -0.0479393957343497 0.998849858160866
2024-09-21T12:15:40 -0.000885876853504585 -0.0490052074760753 0.998798130185688
2024-09-21T12:15:49 -0.000891186995670556 -0.0501264593716314 0.9987424812516
2024-09-21T12:15:59 -0.000896377696792283 -0.0513073596545162 0.998682507783283
2024-09-21T12:16:10 -0.000901448264921448 -0.0525525556350361 0.998617752840021
2024-09-21T12:16:19 -0.000906398024274015 -0.0538671923833326 0.998547697422291
2024-09-21T12:16:29 -0.000911226315320421 -0.0552569808890398 0.998471750090923
2024-09-21T12:16:40 -0.000915932494869919 -0.0567282779169205 0.998389234493364
2024-09-21T12:16:49 -0.000920515936157448 -0.0582881797450311 0.998299374312346
2024-09-21T12:17:00 -0.000924976028923459 -0.0599446324732796 0.998201275022723
2024-09-21T12:17:10 -0.000929312179494325 -0.0617065629957186 0.998093901625558
2024-09-21T12:17:19 -0.0009335238108606 -0.0635840345537558 0.997976051357527
2024-09-21T12:17:30 -0.000937610362754807 -0.0655884330592761 0.997846319999045
2024-09-21T12:17:40 -0.000941571291719438 -0.0677326912224431 0.99770306002501
2024-09-21T12:17:49 -0.000945406071181546 -0.0700315595054607 0.997544328278495
2024-09-21T12:18:00 -0.000949114191519487 -0.0725019362046684 0.997367820028712
2024-09-21T12:18:10 -0.000952695160132393 -0.0751632719405873 0.997170785233461
2024-09-21T12:18:19 -0.00095614850149933 -0.0780380685812516 0.996949921326117
2024-09-21T12:18:30 -0.000959473757244658 -0.0811524998462827 0.99670123466303
2024-09-21T12:18:40 -0.0009626704861946 -0.0845371892029201 0.996419859751503
2024-09-21T12:18:49 -0.00096573826443864 -0.0882281931386396 0.996099820944214
2024-09-21T12:19:00 -0.000968676685375823 -0.0922682563461643 0.995733714672913
2024-09-21T12:19:09 -0.000971485359778178 -0.0967084299155355 0.995312280542879
2024-09-21T12:19:19 -0.000974163915830233 -0.101610180169124 0.994823814698192
2024-09-21T12:19:30 -0.000976711999183547 -0.107048170560059 0.994253355646042
2024-09-21T12:19:39 -0.000979129272999262 -0.11311397893218 0.993581536199218
2024-09-21T12:19:49 -0.000981415417989205 -0.119921135252403 0.992782936065861
2024-09-21T12:20:00 -0.000983570132461277 -0.127612056923854 0.991823671585558
2024-09-21T12:20:09 -0.000985593132349363 -0.13636776092264 0.99065779277565
2024-09-21T12:20:19 -0.000987484151262996 -0.146421723878852 0.989221766668827
2024-09-21T12:20:30 -0.000989242940502525 -0.158080081356314 0.987425799377749
2024-09-21T12:20:39 -0.00099086926910594 -0.171751756323805 0.985139762865036
2024-09-21T12:20:50 -0.000992362923867853 -0.187994567931827 0.982169566645166
2024-09-21T12:21:00 -0.000993723709365152 -0.207587829984018 0.978215878707617
2024-09-21T12:21:09 -0.00099495144799588 -0.231650243215413 0.972798630185023
2024-09-21T12:21:20 -0.000996045979975488 -0.26183768622303 0.965111410131377
2024-09-21T12:21:30 -0.000997007163379146 -0.300685673747042 0.95372277501379
2024-09-21T12:21:39 -0.000997834874147126 -0.35221552031975 0.935918389375618
2024-09-21T12:21:50 -0.00099852900610316 -0.422991675489697 0.906133017501428
2024-09-21T12:22:00 -0.00099908947094987 -0.523676178476855 0.851916816312547
2024-09-21T12:22:09 -0.000999516198324846 -0.668967558387058 0.743290930116215
2024-09-21T12:22:20 -0.000999809135755695 -0.859317397561862 0.511441698172138
2024-09-21T12:22:30 -0.000999968247465007 -0.996887180462969 0.0788349509551217
2024-09-21T12:22:39 -0.000999993519002321 -0.916290696950467 -0.400512619894792
2024-09-21T12:22:50 -0.000999884950685643 -0.723802148170713 -0.690006848178731
2024-09-21T12:22:59 -0.000999642561580481 -0.562602409476954 -0.826726998207676
2024-09-21T12:23:09 -0.000999266388772819 -0.449817686865317 -0.89311984081075
2024-09-21T12:23:20 -0.000998756487236025 -0.371214217045604 -0.928546718021607
2024-09-21T12:23:29 -0.000998112929860147 -0.314623905624225 -0.949215887867633
2024-09-21T12:23:39 -0.000997335807388929 -0.272398030440723 -0.962184139514523
2024-09-21T12:23:50 -0.0009964252284396 -0.239872370000191 -0.970803921112423
2024-09-21T12:23:59 -0.000995381319472501 -0.214135918778404 -0.976803366857914
2024-09-21T12:24:09 -0.000994204224775872 -0.193308120254406 -0.981137595957706
2024-09-21T12:24:20 -0.000992894106438879 -0.176131279390865 -0.984366185208244
2024-09-21T12:24:29 -0.000991451144332994 -0.161737147333047 -0.986833376106218
2024-09-21T12:24:40 -0.000989875536083036 -0.149509184613246 -0.988759841348093
2024-09-21T12:24:50 -0.000988167497044364 -0.138998581601317 -0.990292087132791
2024-09-21T12:24:59 -0.000986327260257866 -0.129871411496495 -0.991530354368662
2024-09-21T12:25:10 -0.000984355076429993 -0.121874390149542 -0.99254504384978
2024-09-21T12:25:20 -0.000982251213894211 -0.114812094694899 -0.993386741452856
2024-09-21T12:25:29 -0.000980015958565938 -0.108531438265339 -0.994092534162076
2024-09-21T12:25:40 -0.000977649613907651 -0.102910859021695 -0.994690102140686
2024-09-21T12:25:50 -0.000975152500887413 -0.0978526434098085 -0.995200436723835
2024-09-21T12:25:59 -0.000972524957928011 -0.0932773775882664 -0.995639686345147
2024-09-21T12:26:10 -0.000969767340866305 -0.0891198727108142 -0.996020435452663
2024-09-21T12:26:19 -0.000966880022894735 -0.0853261283746531 -0.996352606741014
2024-09-21T12:26:29 -0.000963863394517106 -0.0818510391106227 -0.99664410817697
2024-09-21T12:26:40 -0.000960717863489884 -0.0786566412200596 -0.996901303947971
2024-09-21T12:26:49 -0.000957443854769316 -0.0757107573383045 -0.997129361980944
2024-09-21T12:26:59 -0.00095404181044635 -0.0729859373697752 -0.997332513633482
2024-09-21T12:27:10 -0.000950512189690487 -0.0704586234159824 -0.99751424997987
2024-09-21T12:27:19 -0.000946855468685726 -0.0681084852862284 -0.997677471779702
2024-09-21T12:27:29 -0.000943072140561535 -0.0659178871682522 -0.997824605211863
2024-09-21T12:27:40 -0.000939162715328924 -0.0638714566205988 -0.997957691990275
2024-09-21T12:27:49 -0.000935127719806206 -0.0619557335931933 -0.998078460147837
2024-09-21T12:27:59 -0.000930967697552896 -0.0601588825100555 -0.998188380093802
2024-09-21T12:28:10 -0.000926683208786822 -0.0584704549180729 -0.99828870932206
2024-09-21T12:28:19 -0.0009222748303137 -0.0568811925159472 -0.998380528329304
2024-09-21T12:28:30 -0.000917743155445393 -0.0553828625951115 -0.998464769673057
2024-09-21T12:28:40 -0.000913088793919202 -0.0539681202640723 -0.998542241602235
2024-09-21T12:28:49 -0.000908312371814277 -0.0526303920311781 -0.998613647414895
2024-09-21T12:29:00 -0.000903414531468719 -0.0513637773697862 -0.998679601381991
2024-09-21T12:29:10 -0.000898395931386979 -0.0501629649728293 -0.99874064192356
2024-09-21T12:29:19 -0.00089325724615574 -0.0490231610553418 -0.998797242573103
2024-09-21T12:29:30 -0.000887999166345584 -0.047940027998414 -0.99884982113078
2024-09-21T12:29:40 -0.000882622398423989 -0.0469096315194888 -0.998898747345499
2024-09-21T12:29:49 -0.000877127664655863 -0.045928394879522 -0.998944349396327
2024-09-21T12:30:00 -0.000871515703004056 -0.0449930593098602 -0.998986919370979
2024-09-21T12:30:09 -0.00086578726703433 -0.04410064958417 -0.999026717920328
2024-09-21T12:30:19 -0.000859943125805823 -0.043248443840413 -0.999063978233227
2024-09-21T12:30:30 -0.000853984063773434 -0.0424339472925088 -0.999098909432092
2024-09-21T12:30:39 -0.00084791088067723 -0.0416548691529402 -0.999131699488606
2024-09-21T12:30:49 -0.000841724391439383 -0.0409091021933751 -0.999162517740623
2024-09-21T12:31:00 -0.000835425426047165 -0.040194704826039 -0.999191517061822
2024-09-21T12:31:09 -0.000829014829447222 -0.0395098852488151 -0.99921883574222
2024-09-21T12:31:19 -0.000822493461426766 -0.0388529872634976 -0.999244599127365
2024-09-21T12:31:30 -0.00081586219649962 -0.0382224777827139 -0.999268921042292
2024-09-21T12:31:39 -0.000809121923789703 -0.0376169356980885 -0.99929190503596
2024-09-21T12:31:49 -0.000802273546907953 -0.0370350418265485 -0.999313645475764
2024-09-21T12:32:00 -0.00079531798383316 -0.0364755700240116 -0.999334228504522
2024-09-21T12:32:09 -0.000788256166787368 -0.0359373792178511 -0.999353732882991
2024-09-21T12:32:20 -0.000781089042109523 -0.0354194061287769 -0.999372230737573
2024-09-21T12:32:30 -0.000773817570130121 -0.0349206588968906 -0.999389788215076
2024-09-21T12:32:39 -0.000766442725042979 -0.0344402111598152 -0.999406466069145
2024-09-21T12:32:50 -0.000758965494768878 -0.0339771968179595 -0.999422320176897
2024-09-21T12:33:00 -0.000751386880830339 -0.0335308052987122 -0.999437401998632
2024-09-21T12:33:09 -0.000743707898210462 -0.0331002771635315 -0.999451758991028
2024-09-21T12:33:20 -0.000735929575221169 -0.0326849002196081 -0.999465434972763
2024-09-21T12:33:30 -0.00072805295336462 -0.032284005985646 -0.999478470451673
2024-09-21T12:33:39 -0.000720079087190741 -0.0318969663768792 -0.999490902921112
2024-09-21T12:33:50 -0.000712009044159834 -0.031523190778336 -0.99950276712287
2024-09-21T12:33:59 -0.000703843904497046 -0.0311621233733871 -0.999514095283613
2024-09-21T12:34:09 -0.000695584761047884 -0.0308132406074048 -0.999524917330784
2024-09-21T12:34:20 -0.000687232719133669 -0.0304760489584592 -0.999535261084406
2024-09-21T12:34:29 -0.000678788896402604 -0.0301500828946767 -0.999545152430383
2024-09-21T12:34:39 -0.000670254422679801 -0.0298349029086482 -0.999554615480035
2024-09-21T12:34:50 -0.000661630439814108 -0.029530093801124 -0.999563672711878
2024-09-21T12:34:59 -0.000652918101533582 -0.0292352631029737 -0.99957234510027
2024-09-21T12:35:09 -0.000644118573282085 -0.0289500395336183 -0.999580652234859
2024-09-21T12:35:20 -0.000635233032066055 -0.028674071666965 -0.999588612426649
2024-09-21T12:35:29 -0.000626262666302605 -0.0284070267009814 -0.999596242804605
2024-09-21T12:35:40 -0.000617208675655855 -0.0281485892254433 -0.999603559406462
2024-09-21T12:35:50 -0.000608072270875977 -0.0278984602242597 -0.999610577257578
2024-09-21T12:35:59 -0.000598854673642225 -0.0276563560118283 -0.999617310446966
2024-09-21T12:36:10 -0.000589557116396065 -0.0274220073400543 -0.999623772194243
2024-09-21T12:36:20 -0.000580180842178912 -0.0271951585710297 -0.99962997491096
2024-09-21T12:36:29 -0.000570727104467704 -0.0269755668267755 -0.999635930259085
2024-09-21T12:36:40 -0.000561197167003237 -0.0267630012807037 -0.999641649202447
2024-09-21T12:36:50 -0.00055159230362797 -0.0265572424996695 -0.999647142054007
2024-09-21T12:36:59 -0.00054191379811311 -0.0263580817512765 -0.999652418521472
2024-09-21T12:37:10 -0.000532162943982132 -0.0261653204383375 -0.999657487747158
2024-09-21T12:37:20 -0.00052234104435437 -0.025978769572674 -0.999662358344718
2024-09-21T12:37:29 -0.000512449411751961 -0.0257982492056085 -0.999667038435061
2024-09-21T12:37:40 -0.000502489367943079 -0.0256235879743313 -0.999671535677473
2024-09-21T12:37:49 -0.000492462243754656 -0.0254546226791201 -0.999675857298356
2024-09-21T12:37:59 -0.000482369378899655 -0.0252911978110341 -0.999680010119771
2024-09-21T12:38:10 -0.000472212121794451 -0.02513316518663 -0.999684000583891
2024-09-21T12:38:19 -0.000461991829390896 -0.0249803836070851 -0.999687834775633
2024-09-21T12:38:29 -0.00045170986698575 -0.0248327184632597 -0.999691518445526
2024-09-21T12:38:40 -0.000441367608038171 -0.0246900414407692 -0.999695057029036
2024-09-21T12:38:49 -0.000430966433997797 -0.0245522302445172 -0.999698455664483
2024-09-21T12:38:59 -0.000420507734109543 -0.0244191682658727 -0.99970171921151
2024-09-21T12:39:10 -0.00040999290523887 -0.0242907443442342 -0.999704852266418
2024-09-21T12:39:19 -0.000399423351682067 -0.0241668525442439 -0.999707859176415
2024-09-21T12:39:30 -0.000388800484976869 -0.0240473918649805 -0.999710744054837
2024-09-21T12:39:40 -0.000378125723721345 -0.0239322660886017 -0.999713510792368
2024-09-21T12:39:49 -0.000367400493379958 -0.0238213835176722 -0.999716163070389
2024-09-21T12:40:00 -0.000356626226100893 -0.0237146568081849 -0.999718704371487
2024-09-21T12:40:10 -0.000345804360521246 -0.0236120028136711 -0.999721137989225
2024-09-21T12:40:19 -0.000334936341574981 -0.0235133423669437 -0.999723467038952
2024-09-21T12:40:30 -0.000324023620308699 -0.0234186001459119 -0.999725694466187
2024-09-21T12:40:40 -0.000313067653681201 -0.0233277045485267 -0.999727823054426
2024-09-21T12:40:49 -0.000302069904379384 -0.0232405875043605 -0.999729855434069
2024-09-21T12:41:00 -0.0002910318406041 -0.0231571843676065 -0.999731794089111
2024-09-21T12:41:10 -0.000279954935911331 -0.023077433817677 -0.999733641363351
2024-09-21T12:41:19 -0.000268840668981586 -0.0230012776957244 -0.999735399467809
2024-09-21T12:41:30 -0.000257690523447926 -0.0229286609204041 -0.999737070486031
2024-09-21T12:41:39 -0.000246505987679476 -0.0228595314100353 -0.999738656379012
2024-09-21T12:41:49 -0.000235288554605145 -0.022793839940186 -0.999740158991364
2024-09-21T12:42:00 -0.0002240397215031 -0.0227315400787095 -0.999741580055493
2024-09-21T12:42:09 -0.000212760989796825 -0.0226725881262447 -0.999742921195454
2024-09-21T12:42:19 -0.000201453864882394 -0.0226169429917892 -0.999744183932093
2024-09-21T12:42:30 -0.000190119855895654 -0.0225645661442664 -0.999745369686282
2024-09-21T12:42:39 -0.000178760475532168 -0.0225154215688284 -0.999746479781885
2024-09-21T12:42:49 -0.00016737723985215 -0.0224694756579938 -0.999747515450033
2024-09-21T12:43:00 -0.000155971668060798 -0.0224266971775959 -0.999748477831571
2024-09-21T12:43:09 -0.000144545282328426 -0.0223870572369169 -0.999749367979261
2024-09-21T12:43:20 -0.000133099607564355 -0.0223505291857755 -0.999750186861503
2024-09-21T12:43:30 -0.000121636171240995 -0.0223170886317671 -0.999750935363225
2024-09-21T12:43:39 -0.000110156503169242 -0.0222867133455865 -0.999751614289167
2024-09-21T12:43:50 -9.86621353166604e-05 -0.0222593832474735 -0.99975222436523
2024-09-21T12:44:00 -8.71546015939246e-05 -0.0222350803972314 -0.999752766239636
2024-09-21T12:44:09 -7.5635437646385e-05 -0.0222137889187347 -0.999753240485448
2024-09-21T12:44:20 -6.41061806611739e-05 -0.0221954949972244 -0.999753647601361
2024-09-21T12:44:30 -5.25683690137526e-05 -0.0221801868799601 -0.999753988012319
2024-09-21T12:44:39 -4.10235427312804e-05 -0.0221678548112912 -0.999754262071502
2024-09-21T12:44:50 -2.94732421316545e-05 -0.0221584910401161 -0.999754470060601
2024-09-21T12:45:00 -1.79190085351351e-05 -0.0221520898305835 -0.999754612189935
2024-09-21T12:45:09 -6.36238376856239e-06 -0.0221486474071531 -0.999754688599935
2024-09-21T12:45:20 5.19509000454725e-06 -0.0221481619578405 -0.999754699361249
2024-09-21T12:45:29 1.67518705373991e-05 -0.0221506337105985 -0.99975464447313
2024-09-21T12:45:39 2.83064156491547e-05 -0.0221560648041708 -0.999754523866304
2024-09-21T12:45:50 3.98571834692323e-05 -0.0221644593709012 -0.999754337401044
2024-09-21T12:45:59 5.14026326181253e-05 -0.0221758235529044 -0.999754084866634
2024-09-21T12:46:09 6.29412226709155e-05 -0.0221901654664852 -0.99975376598189
2024-09-21T12:46:20 7.4471413528502e-05 -0.0222074952387987 -0.999753380393999
2024-09-21T12:46:29 8.59916666875694e-05 -0.0222278250479455 -0.999752927677169
2024-09-21T12:46:39 9.75004448111816e-05 -0.0222511690972893 -0.999752407332669
2024-09-21T12:46:50 0.000108996212086344 -0.022277543662315 -0.999751818787143
2024-09-21T12:46:59 0.00012047743441931 -0.0223069671411662 -0.999751161390749
2024-09-21T12:47:10 0.000131942579647674 -0.0223394600316416 -0.999750434416835
2024-09-21T12:47:20 0.000143390117717156 -0.0223750450276336 -0.999749637058842
2024-09-21T12:47:29 0.000154818520921298 -0.0224137470035379 -0.999748768429592
2024-09-21T12:47:40 0.000166226264076191 -0.0224555930798133 -0.999747827558661
2024-09-21T12:47:50 0.00017761182472972 -0.0225006126928645 -0.999746813389513
2024-09-21T12:47:59 0.000188973683361974 -0.0225488375991258 -0.999745724777994
2024-09-21T12:48:10 0.00020031032359326 -0.0226003019534068 -0.999744560489023
2024-09-21T12:48:20 0.000211620232383194 -0.0226550423921142 -0.999743319193026
2024-09-21T12:48:29 0.000222901900212624 -0.0227130980507329 -0.999741999463702
2024-09-21T12:48:40 0.000234153821313882 -0.0227745106566123 -0.999740599773931
2024-09-21T12:48:49 0.000245374493840158 -0.0228393246273364 -0.999739118491382
2024-09-21T12:48:59 0.000256562420096027 -0.0229075871034776 -0.999737553875426
2024-09-21T12:49:10 0.000267716106698598 -0.0229793480579629 -0.999735904072129
2024-09-21T12:49:19 0.000278834064806294 -0.0230546604119153 -0.999734167108865
2024-09-21T12:49:29 0.000289914810308366 -0.0231335800851021 -0.999732340890225
2024-09-21T12:49:40 0.000300956864002711 -0.0232161661246077 -0.999730423191893
2024-09-21T12:49:49 0.000311958751820823 -0.0233024808411004 -0.999728411654079
2024-09-21T12:49:59 0.000322919005007363 -0.0233925898800699 -0.999726303776198
2024-09-21T12:50:10 0.00033383616030113 -0.0234865623732622 -0.999724096909395
2024-09-21T12:50:19 0.000344708760167877 -0.023584471099109 -0.999721788248534
2024-09-21T12:50:29 0.000355535352946427 -0.023686392578692 -0.999719374825366
2024-09-21T12:50:40 0.000366314493081204 -0.0237924072543069 -0.999716853499398
2024-09-21T12:50:49 0.000377044741288296 -0.0239025996787841 -0.999714220948096
2024-09-21T12:51:00 0.000387724664756838 -0.0240170586328314 -0.999711473658381
2024-09-21T12:51:10 0.000398352837339703 -0.0241358773779979 -0.999708607914432
2024-09-21T12:51:19 0.000408927839733662 -0.0242591537973892 -0.999705619787673
2024-09-21T12:51:30 0.000419448259683632 -0.0243869906324506 -0.999702505123924
2024-09-21T12:51:40 0.000429912692150397 -0.0245194957345285 -0.999699259529585
2024-09-21T12:51:49 0.000440319739509749 -0.0246567822550936 -0.999695878358689
2024-09-21T12:52:00 0.000450668011737106 -0.0247989689279173 -0.999692356697027
2024-09-21T12:52:10 0.000460956126594509 -0.0249461803693272 -0.999688689345053
2024-09-21T12:52:19 0.000471182709798146 -0.0250985473192944 -0.999684870801452
2024-09-21T12:52:30 0.000481346395221976 -0.0252562069795519 -0.999680895243404
2024-09-21T12:52:39 0.000491445825066221 -0.0254193033740229 -0.999676756505312
2024-09-21T12:52:49 0.000501479650040482 -0.0255879876531096 -0.999672448057875
2024-09-21T12:53:00 0.0005114465295465 -0.0257624185013411 -0.999667962983415
2024-09-21T12:53:09 0.000521345131850528 -0.025942762572784 -0.999663293949191
2024-09-21T12:53:19 0.000531174134263721 -0.0261291948745265 -0.999658433180678
2024-09-21T12:53:30 0.000540932223318949 -0.0263218992614769 -0.999653372430463
2024-09-21T12:53:39 0.000550618094943729 -0.0265210689660122 -0.999648102944538
2024-09-21T12:53:49 0.000560230454631665 -0.026726907081544 -0.99964261542798
2024-09-21T12:54:00 0.000569768017623883 -0.0269396271675038 -0.999636900005438
2024-09-21T12:54:09 0.000579229509063732 -0.0271594538984776 -0.999630946178195
2024-09-21T12:54:19 0.000588613664184918 -0.0273866236753547 -0.999624742779819
2024-09-21T12:54:30 0.000597919228465862 -0.0276213853708849 -0.999618277925524
2024-09-21T12:54:39 0.000607144957803805 -0.027864001131705 -0.999611538956975
2024-09-21T12:54:50 0.000616289618677498 -0.028114747143801 -0.999604512384846
2024-09-21T12:55:00 0.000625351988315836 -0.0283739146081656 -0.999597183821913
2024-09-21T12:55:09 0.000634330854855563 -0.0286418106422316 -0.999589537914189
2024-09-21T12:55:20 0.000643225017505374 -0.0289187593563454 -0.99958155826269
2024-09-21T12:55:30 0.000652033286706193 -0.0292051030172919 -0.999573227337719
2024-09-21T12:55:39 0.000660754484293154 -0.0295012032144937 -0.999564526387571
2024-09-21T12:55:50 0.00066938744364344 -0.0298074422187626 -0.999555435335542
2024-09-21T12:56:00 0.00067793100984151 -0.030124224455597 -0.999545932666676
2024-09-21T12:56:09 0.000686384039831541 -0.0304519780086971 -0.999535995305976
2024-09-21T12:56:20 0.000694745402566759 -0.0307911563526505 -0.999525598481246
2024-09-21T12:56:29 0.000703013979163868 -0.0311422402381516 -0.999514715571659
2024-09-21T12:56:39 0.000711188663046718 -0.0315057396465307 -0.999503317943473
2024-09-21T12:56:50 0.000719268360105163 -0.0318821960237726 -0.999491374765049
2024-09-21T12:56:59 0.00072725198883204 -0.0322721847203061 -0.99947885280176
2024-09-21T12:57:09 0.000735138480472332 -0.0326763175561397 -0.999465716191598
2024-09-21T12:57:20 0.000742926779163194 -0.0330952457358316 -0.999451926192294
2024-09-21T12:57:29 0.000750615842081748 -0.0335296630449506 -0.999437440899604
2024-09-21T12:57:39 0.000758204639576103 -0.0339803092532087 -0.999422214936601
2024-09-21T12:57:50 0.000765692155308855 -0.0344479739675353 -0.999406199102775
2024-09-21T12:57:59 0.00077307738639508 -0.0349335008761466 -0.999389339981116
2024-09-21T12:58:10 0.000780359343532331 -0.0354377923065407 -0.999371579501705
2024-09-21T12:58:20 0.000787537051133677 -0.0359618144532122 -0.999352854444628
2024-09-21T12:58:29 0.000794609547464276 -0.0365066029712918 -0.999333095887034
2024-09-21T12:58:40 0.000801575884764168 -0.0370732693108954 -0.999312228574585
2024-09-21T12:58:50 0.000808435129379048 -0.037663007753607 -0.999290170210632
2024-09-21T12:58:59 0.000815186361894195 -0.0382771031227546 -0.999266830655219
2024-09-21T12:59:10 0.000821828677231797 -0.0389169395056491 -0.999242111010709
2024-09-21T12:59:20 0.000828361184803562 -0.039584009999258 -0.999215902580682
2024-09-21T12:59:29 0.000834783008613826 -0.0402799274948769 -0.999188085686742
2024-09-21T12:59:40 0.0008410932873824 -0.0410064369108278 -0.999158528309677
2024-09-21T12:59:50 0.00084729117465927 -0.041765428949636 -0.999127084530451
2024-09-21T12:59:59 0.000853375838944039 -0.0425589554713292 -0.999093592742375
2024-09-21T13:00:10 0.00085934646378301 -0.043389247004147 -0.999057873582941
2024-09-21T13:00:19 0.000865202247897457 -0.0442587325818355 -0.999019727540613
2024-09-21T13:00:29 0.000870942405290515 -0.0451700621331137 -0.998978932183366
2024-09-21T13:00:40 0.000876566165336246 -0.0461261321306441 -0.998935238925139
2024-09-21T13:00:49 0.000882072772901429 -0.0471301148890152 -0.998888369247621
2024-09-21T13:00:59 0.000887461488445516 -0.0481854919788459 -0.998838010277374
2024-09-21T13:01:10 0.000892731588110543 -0.0492960927874118 -0.998783809573526
2024-09-21T13:01:19 0.000897882363825525 -0.0504661389823543 -0.998725368969605
2024-09-21T13:01:29 0.000902913123424231 -0.0517002957951174 -0.998662237276743
2024-09-21T13:01:40 0.000907823190683816 -0.053003731743473 -0.998593901582781
2024-09-21T13:01:49 0.000912611905481186 -0.0543821882481457 -0.998519776840125
2024-09-21T13:02:00 0.000917278623843079 -0.0558420609102578 -0.998439193357924
2024-09-21T13:02:10 0.000921822718031493 -0.0573904953385296 -0.998351381672643
2024-09-21T13:02:19 0.000926243576673066 -0.05903549995796 -0.998255454188732
2024-09-21T13:02:30 0.000930540604780934 -0.0607860800185705 -0.998150382743081
2024-09-21T13:02:40 0.00093471322387962 -0.0626523973201214 -0.998034971041211
2024-09-21T13:02:49 0.00093876087207578 -0.0646459613823176 -0.997907820595159
2024-09-21T13:03:00 0.000942683004126994 -0.0667798599876666 -0.997767288323676
2024-09-21T13:03:10 0.000946479091514086 -0.0690690385942767 -0.997611433417336
2024-09-21T13:03:19 0.000950148622522347 -0.0715306408865933 -0.997437950266556
2024-09-21T13:03:30 0.000953691102324523 -0.0741844271517878 -0.997244083081691
2024-09-21T13:03:40 0.00095710605301756 -0.0770532916721816 -0.997026516292563
2024-09-21T13:03:49 0.000960393013703509 -0.0801639072447064 -0.996781232578404
2024-09-21T13:04:00 0.00096355154057907 -0.0835475352982506 -0.996503327096311
2024-09-21T13:04:09 0.000966581206942573 -0.0872410528928897 -0.996186761812719
2024-09-21T13:04:19 0.00096948160330255 -0.0912882668961864 -0.995824036882275
2024-09-21T13:04:30 0.00097225233740597 -0.0957416138289277 -0.995405745466051
2024-09-21T13:04:39 0.000974893034315606 -0.100664383009123 -0.99491996239746
2024-09-21T13:04:49 0.000977403336434605 -0.106133659527376 -0.994351392113495
2024-09-21T13:05:00 0.000979782903579701 -0.112244273302079 -0.993680161388135
2024-09-21T13:05:09 0.000982031413017522 -0.119114175723478 -0.992880077731455
2024-09-21T13:05:19 0.000984148559519338 -0.126891878153003 -0.99191606636369
2024-09-21T13:05:30 0.000986134055392025 -0.135766927972421 -0.990740313507307
2024-09-21T13:05:39 0.00098798763052059 -0.145984954071275 -0.989286317031247
2024-09-21T13:05:50 0.000989709032435767 -0.157869749381757 -0.987459448638866
2024-09-21T13:06:00 0.000991298026276121 -0.171856476387535 -0.985121499537942
2024-09-21T13:06:09 0.000992754394930835 -0.188542954591613 -0.982064442240211
2024-09-21T13:06:20 0.000994077938967465 -0.208771266351688 -0.977963992258899
2024-09-21T13:06:30 0.000995268476723849 -0.233761879491635 -0.972293367835654
2024-09-21T13:06:39 0.000996325844308568 -0.265341743452706 -0.964153912254828
2024-09-21T13:06:50 0.000997249895638931 -0.306345097693361 -0.951920000111296
2024-09-21T13:07:00 0.000998040502456354 -0.361332904058555 -0.932436344400928
2024-09-21T13:07:09 0.000998697554328096 -0.437853180690956 -0.899045935846444
2024-09-21T13:07:20 0.000999220958700388 -0.548183202511074 -0.836357685468471
2024-09-21T13:07:30 0.000999610640873798 -0.707894024304084 -0.706317953285301
2024-09-21T13:07:39 0.000999866545089076 -0.905153676132427 -0.425083312835079
2024-09-21T13:07:50 0.000999988630686657 -0.998282072725894 0.0585824487097627
2024-09-21T13:07:59 0.000999976877307212 -0.862368008021607 0.506280968225244
2024-09-21T13:08:09 0.000999831281990443 -0.667506150033359 0.744603612672575
2024-09-21T13:08:20 0.000999551859647073 -0.519713339733449 0.854340122784354
2024-09-21T13:08:29 0.000999138643035726 -0.418191135308784 0.908358506357002
2024-09-21T13:08:39 0.000998591682825453 -0.347295427816431 0.937755239192218
2024-09-21T13:08:50 0.000997911047566964 -0.295918807241461 0.955212575134107
2024-09-21T13:08:59 0.000997096823772543 -0.257315934115462 0.966326816272948
2024-09-21T13:09:09 0.000996149115794063 -0.227393244865207 0.973802505581399
2024-09-21T13:09:20 0.000995068045902199 -0.203586874137679 0.979056379642374
2024-09-21T13:09:29 0.000993853754214852 -0.184230704673034 0.982882525895334
2024-09-21T13:09:40 0.000992506398701421 -0.168203377681624 0.985751813930637
2024-09-21T13:09:50 0.000991026155181969 -0.154726051898336 0.987956915422486
2024-09-21T13:09:59 0.000989413217278074 -0.143242579241865 0.989687114472864
2024-09-21T13:10:10 0.000987667796393381 -0.133346060631072 0.991069045337659
2024-09-21T13:10:20 0.000985790121701996 -0.124732372410833 0.992189933173382
2024-09-21T13:10:29 0.000983780440112476 -0.117169891468574 0.993111397935442
2024-09-21T13:10:40 0.00098163901623296 -0.11047924912228 0.993877946177607
2024-09-21T13:10:50 0.000979366132336534 -0.104519467989239 0.994522358548678
2024-09-21T13:10:59 0.00097696208836259 -0.0991782652881882 0.995069202236459
2024-09-21T13:11:10 0.000974427201776877 -0.094365139633735 0.995537177062481
2024-09-21T13:11:19 0.000971761807703195 -0.090006355897868 0.99594071689884
2024-09-21T13:11:29 0.000968966258683793 -0.0860412490488439 0.996291104329706
2024-09-21T13:11:40 0.000966040924787856 -0.0824194612129512 0.996597260270315
2024-09-21T13:11:49 0.000962986193478948 -0.0790988489316835 0.996866312378583
2024-09-21T13:11:59 0.00095980246961123 -0.0760438786788197 0.997104010269089
2024-09-21T13:12:10 0.000956490175353962 -0.0732243834774519 0.997315032871204
2024-09-21T13:12:19 0.000953049750129839 -0.0706145893194029 0.997503218777476
2024-09-21T13:12:29 0.000949481650586381 -0.068192345423559 0.997671740859803
2024-09-21T13:12:40 0.000945786350505505 -0.0659385106898706 0.997823240006055
2024-09-21T13:12:49 0.000941964340785421 -0.063836460507521 0.997959928560787
2024-09-21T13:12:59 0.000938016129313765 -0.061871687107589 0.99808367107182
2024-09-21T13:13:10 0.000933942240960725 -0.0600314737621998 0.998196047833204
2024-09-21T13:13:19 0.000929743217494594 -0.0583046272721965 0.998298405295831
2024-09-21T13:13:30 0.000925419617457632 -0.0566812567533627 0.998391896367048
2024-09-21T13:13:40 0.000920972016198441 -0.0551525900850825 0.998477512825127
2024-09-21T13:13:49 0.000916401005699729 -0.053710820258205 0.998556111591325
2024-09-21T13:14:00 0.000911707194549206 -0.0523489764966217 0.998628436131151
2024-09-21T13:14:10 0.00090689120785848 -0.051060815478214 0.998695133997877
2024-09-21T13:14:19 0.000901953687152982 -0.0498407289401515 0.99875677130033
2024-09-21T13:14:30 0.000896895290312983 -0.0486836651385788 0.998813844681537
2024-09-21T13:14:40 0.000891716691491983 -0.047585061679596 0.998866791292158
2024-09-21T13:14:49 0.000886418581018926 -0.04654078770304 0.99891599713994
2024-09-21T13:15:00 0.000881001665281457 -0.0455470941953873 0.998961804097846
2024-09-21T13:15:09 0.000875466666670692 -0.0446005710150383 0.999004515817245
2024-09-21T13:15:19 0.000869814323476821 -0.0436981094600101 0.999044402743273
2024-09-21T13:15:30 0.000864045389771772 -0.0428368698083903 0.9990817063737
2024-09-21T13:15:39 0.000858160635348476 -0.0420142529686306 0.999116642894018
2024-09-21T13:15:49 0.000852160845578427 -0.0412278755168546 0.999149406296306
2024-09-21T13:16:00 0.00084604682131945 -0.0404755478926535 0.999180171054032
2024-09-21T13:16:09 0.000839819378830154 -0.0397552551925444 0.999209094428182
2024-09-21T13:16:19 0.000833479349643884 -0.0390651400851873 0.999236318466407
2024-09-21T13:16:30 0.000827027580431586 -0.0384034878034011 0.999261971732095
2024-09-21T13:16:39 0.000820464932961656 -0.0377687128245058 0.999286170808379
2024-09-21T13:16:49 0.000813792283931288 -0.0371593469053315 0.999309021614279
2024-09-21T13:17:00 0.000807010524837904 -0.0365740285279059 0.999330620551203
2024-09-21T13:17:09 0.000800120561924299 -0.0360114934698423 0.999351055508102
2024-09-21T13:17:20 0.000793123315974892 -0.0354705662386449 0.999370406749227
2024-09-21T13:17:30 0.000786019722254934 -0.0349501525686188 0.99938874768952
2024-09-21T13:17:39 0.000778810730384441 -0.0344492324981881 0.999406145585533
2024-09-21T13:17:50 0.000771497304171328 -0.0339668542530664 0.99942266214253
2024-09-21T13:18:00 0.000764080421519495 -0.0335021287287655 0.99943835405279
2024-09-21T13:18:09 0.000756561074280784 -0.0330542244013731 0.999453273477337
2024-09-21T13:18:20 0.000748940268125259 -0.0326223628221727 0.999467468471272
2024-09-21T13:18:30 0.00074121902241448 -0.0322058145334774 0.999480983363163
2024-09-21T13:18:39 0.000733398370049746 -0.0318038952606147 0.999493859097235
2024-09-21T13:18:50 0.000725479357365854 -0.031415962546373 0.999506133536451
2024-09-21T13:18:59 0.000717463043946895 -0.0310414126864047 0.99951784173431
2024-09-21T13:19:09 0.000709350502524611 -0.0306796778382737 0.999529016181924
2024-09-21T13:19:20 0.000701142818808742 -0.0303302234753598 0.999539687027325
2024-09-21T13:19:29 0.000692841091347368 -0.0299925460590372 0.999549882273075
2024-09-21T13:19:39 0.00068444643139469 -0.0296661708143456 0.99955962795738
2024-09-21T13:19:50 0.000675959962743529 -0.0293506497818222 0.999568948314979
2024-09-21T13:19:59 0.000667382821584377 -0.0290455600298157 0.999577865922772
2024-09-21T13:20:09 0.000658716156355663 -0.028750501921625 0.999586401834419
2024-09-21T13:20:20 0.000649961127570711 -0.028465097609575 0.999594575699873
2024-09-21T13:20:29 0.0006411189076887 -0.0281889896485627 0.999602405874025
2024-09-21T13:20:40 0.000632190680962685 -0.0279218396204899 0.999609909518283
2024-09-21T13:20:50 0.000623177643222856 -0.0276633270084462 0.999617102689049
2024-09-21T13:20:59 0.000614081001777977 -0.0274131480141316 0.999624000422398
2024-09-21T13:21:10 0.000604901975249638 -0.027171014557845 0.999630616808778
2024-09-21T13:21:20 0.000595641793351733 -0.0269366533533855 0.999636965061303
2024-09-21T13:21:29 0.000586301696795371 -0.0267098049672426 0.999643057580521
2024-09-21T13:21:40 0.000576882937083211 -0.0264902230283574 0.999648906011498
2024-09-21T13:21:50 0.000567386776342228 -0.0262776734952782 0.999654521296193
2024-09-21T13:21:59 0.000557814487171404 -0.0260719338937162 0.999659913723682
2024-09-21T13:22:10 0.000548167352443237 -0.0258727926880262 0.99966509297418
2024-09-21T13:22:20 0.000538446665169571 -0.0256800486970791 0.999670068159543
2024-09-21T13:22:29 0.000528653728288305 -0.0254935104705034 0.999674847862607
2024-09-21T13:22:40 0.000518789854518968 -0.0253129957860451 0.999679440171409
2024-09-21T13:22:49 0.000508856366156754 -0.0251383311815712 0.999683852710748
2024-09-21T13:22:59 0.00049885459492544 -0.0249693514401691 0.999688092673285
2024-09-21T13:23:10 0.000488785881772969 -0.0248058991863854 0.999692166846333
2024-09-21T13:23:19 0.000478651576710618 -0.024647824509733 0.999696081636617
2024-09-21T13:23:29 0.000468453038599728 -0.0244949845360079 0.999699843095082
2024-09-21T13:23:40 0.000458191635015236 -0.0243472431018801 0.999703456937988
2024-09-21T13:23:49 0.000447868742025776 -0.0242044704511239 0.999706928566453
2024-09-21T13:23:59 0.000437485744008807 -0.0240665428748169 0.9997102630864
2024-09-21T13:24:10 0.000427044033490172 -0.0239333424485429 0.999713465325257
2024-09-21T13:24:19 0.000416545010915843 -0.0238047567869109 0.999716539847456
2024-09-21T13:24:30 0.000405990084515428 -0.0236806787309187 0.999719490970789
2024-09-21T13:24:40 0.000395380670067447 -0.0235610061772768 0.9997223227787
2024-09-21T13:24:49 0.000384718190703552 -0.0234456417967057 0.999725039134588
2024-09-21T13:25:00 0.000374004076777867 -0.0233344928498401 0.999727643693217
2024-09-21T13:25:10 0.000363239765601661 -0.0232274710152993 0.999730139911319
2024-09-21T13:25:19 0.000352426701296464 -0.0231244921558939 0.999732531059159
2024-09-21T13:25:30 0.000341566334557305 -0.0230254761704045 0.999734820229627
2024-09-21T13:25:40 0.000330660122514696 -0.0229303468553237 0.99973701034671
2024-09-21T13:25:49 0.000319709528484403 -0.0228390317035693 0.999739104175015
2024-09-21T13:26:00 0.000308716021796001 -0.0227514617858449 0.999741104327028
2024-09-21T13:26:10 0.000297681077590606 -0.0226675716402425 0.999743013269866
2024-09-21T13:26:19 0.000286606176605606 -0.0225872990979854 0.999744833333165
2024-09-21T13:26:30 0.000275492805006012 -0.0225105851894189 0.999746566714857
2024-09-21T13:26:39 0.000264342454149943 -0.022437374056892 0.999748215486528
2024-09-21T13:26:49 0.000253156620410326 -0.0223676128031974 0.999749781599982
2024-09-21T13:27:00 0.000241936804976387 -0.0223012514182842 0.999751266891801
2024-09-21T13:27:09 0.00023068451360251 -0.0222382427118074 0.999752673087572
2024-09-21T13:27:19 0.000219401256486701 -0.0221785421808295 0.999754001807356
2024-09-21T13:27:30 0.000208088547982803 -0.0221221079541756 0.999755254569247
2024-09-21T13:27:39 0.000196747906451842 -0.0220689007418079 0.999756432792663
2024-09-21T13:27:49 0.000185380854030678 -0.0220188837190693 0.999757537802894
2024-09-21T13:28:00 0.000173988916437044 -0.0219720224862658 0.999758570833839
2024-09-21T13:28:09 0.000162573622745849 -0.0219282850326378 0.99975953303049
2024-09-21T13:28:20 0.000151136505225779 -0.0218876416272761 0.999760425452895
2024-09-21T13:28:30 0.000139679099065654 -0.0218500648307124 0.99976124907732
2024-09-21T13:28:39 0.000128202942224665 -0.0218155293944459 0.999762004799765
2024-09-21T13:28:50 0.000116709575193332 -0.0217840122419522 0.999762693437557
2024-09-21T13:29:00 0.000105200540796099 -0.0217554924533649 0.999763315730757
2024-09-21T13:29:09 9.36773839763974e-05 -0.021729951184634 0.999763872344896
2024-09-21T13:29:20 8.21416515985778e-05 -0.0217073716597058 0.999764363871996
2024-09-21T13:29:30 7.0594892204367e-05 -0.0216877391661085 0.999764790831435
2024-09-21T13:29:39 5.90386560770125e-05 -0.0216710409849361 0.999765153672134
2024-09-21T13:29:50 4.74744940408448e-05 -0.0216572663933627 0.999765452773069
2024-09-21T13:30:00 3.59039588361717e-05 -0.0216464066703972 0.99976568844363
2024-09-21T13:30:09 2.43286037420056e-05 -0.0216384550369761 0.999765860925313
2024-09-21T13:30:20 1.27499826739381e-05 -0.0216334066682752 0.999765970391753
2024-09-21T13:30:29 1.16964999822229e-06 -0.0216312587091905 0.99976601694861
2024-09-21T13:30:39 -1.04108396995444e-05 -0.0216320102241063 0.999766000634788
2024-09-21T13:30:50 -2.19899317928361e-05 -0.0216356622187429 0.999765921422009
2024-09-21T13:30:59 -3.35660718466537e-05 -0.0216422176651931 0.999765779214237
2024-09-21T13:31:09 -4.51377058274165e-05 -0.0216516814611967 0.999765573848435
2024-09-21T13:31:20 -5.67032803104991e-05 -0.021664060461528 0.999765305093679
2024-09-21T13:31:29 -6.82612426929774e-05 -0.0216793635126775 0.999764972650116
2024-09-21T13:31:39 -7.98100414011125e-05 -0.0216976014217269 0.999764576149256
2024-09-21T13:31:50 -9.13481261055293e-05 -0.0217187869975419 0.999764115152607
2024-09-21T13:31:59 -0.000102873947924771 -0.0217429350954538 0.999763589150148
2024-09-21T13:32:10 -0.000114385959640545 -0.0217700625883798 0.999762997560297
2024-09-21T13:32:20 -0.000125882615903829 -0.0218001884569506 0.999762339727202
2024-09-21T13:32:29 -0.000137362373447719 -0.0218333337676443 0.999761614920361
2024-09-21T13:32:40 -0.000148823691290892 -0.0218695217316626 0.99976082233239
2024-09-21T13:32:50 -0.000160265030951462 -0.0219087777678412 0.999759961076577
2024-09-21T13:32:59 -0.000171684856652848 -0.0219511294996902 0.999759030185773
2024-09-21T13:33:10 -0.000183081635532701 -0.02199660682619 0.999758028609548
2024-09-21T13:33:20 -0.00019445383784972 -0.0220452419970989 0.999756955211112
2024-09-21T13:33:29 -0.000205799937189888 -0.0220970696224165 0.999755808765564
2024-09-21T13:33:40 -0.000217118410676523 -0.022152126756518 0.999754587956344
2024-09-21T13:33:49 -0.000228407739171622 -0.0222104529874192 0.999753291371425
2024-09-21T13:33:59 -0.000239666407485934 -0.0222720904602718 0.999751917500808
2024-09-21T13:34:10 -0.00025089290458122 -0.0223370839766926 0.999750464732159
2024-09-21T13:34:19 -0.000262085723773878 -0.0224054811000033 0.999748931346141
2024-09-21T13:34:29 -0.000273243362943827 -0.0224773321948583 0.999747315513008
2024-09-21T13:34:40 -0.000284364324730803 -0.0225526905441458 0.999745615287284
2024-09-21T13:34:49 -0.000295447116742993 -0.0226316124727824 0.999743828602049
2024-09-21T13:34:59 -0.000306490251756144 -0.0227141574061692 0.999741953264468
2024-09-21T13:35:10 -0.000317492247912737 -0.0228003880076848 0.999739986949293
2024-09-21T13:35:19 -0.000328451628927353 -0.0228903703243091 0.999737927191893
2024-09-21T13:35:29 -0.000339366924281501 -0.02298417386734 0.999735771382482
2024-09-21T13:35:40 -0.000350236669425797 -0.0230818717743057 0.999733516758176
2024-09-21T13:35:49 -0.000361059405975248 -0.0231835409805542 0.999731160394487
2024-09-21T13:36:00 -0.000371833681908611 -0.0232892623183114 0.999728699198128
2024-09-21T13:36:10 -0.000382558051762576 -0.023399120749286 0.999726129896332
2024-09-21T13:36:19 -0.00039323107682836 -0.0235132054845907 0.99972344902836
2024-09-21T13:36:30 -0.000403851325348304 -0.0236316101987276 0.99972065293437
2024-09-21T13:36:40 -0.000414417372702903 -0.0237544332567747 0.999717737743454
2024-09-21T13:36:49 -0.00042492780160959 -0.0238817778791858 0.999714699362619
2024-09-21T13:37:00 -0.000435381202309525 -0.0240137523961516 0.999711533463061
2024-09-21T13:37:10 -0.000445776172761998 -0.0241504705180492 0.999708235465409
2024-09-21T13:37:19 -0.000456111318830757 -0.0242920515452826 0.999704800525728
2024-09-21T13:37:30 -0.000466385254473268 -0.0244386206722062 0.999701223518524
2024-09-21T13:37:39 -0.000476596601926079 -0.0245903093108179 0.999697499018417
2024-09-21T13:37:49 -0.000486743991892914 -0.0247472553563493 0.999693621282348
2024-09-21T13:38:00 -0.000496826063728586 -0.0249096035525437 0.999689584228383
2024-09-21T13:38:09 -0.000506841465621937 -0.0250775058651586 0.999685381413228
2024-09-21T13:38:19 -0.000516788854778226 -0.0252511218821333 0.999681006007903
2024-09-21T13:38:30 -0.000526666897600053 -0.0254306191581446 0.999676450773555
2024-09-21T13:38:39 -0.000536474269868293 -0.0256161737518798 0.999671708031027
2024-09-21T13:38:49 -0.000546209656917577 -0.0258079706326406 0.999666769632179
2024-09-21T13:39:00 -0.000555871753816317 -0.0260062042186666 0.999661626926197
2024-09-21T13:39:09 -0.000565459265542132 -0.0262110789540931 0.999656270723033
2024-09-21T13:39:19 -0.000574970907152165 -0.0264228098429286 0.999650691255931
2024-09-21T13:39:30 -0.000584405403961783 -0.0266416231099078 0.999644878138429
2024-09-21T13:39:39 -0.000593761491713369 -0.0268677569105282 0.999638820317562
2024-09-21T13:39:50 -0.000603037916743773 -0.0271014619978063 0.999632506025516
2024-09-21T13:40:00 -0.000612233436156939 -0.0273430025886402 0.999625922722924
2024-09-21T13:40:09 -0.000621346817990308 -0.0275926571481804 0.999619057041048
2024-09-21T13:40:20 -0.000630376841377803 -0.0278507193373413 0.999611894715859
2024-09-21T13:40:30 -0.000639322296716223 -0.0281174990355177 0.99960442051593
2024-09-21T13:40:39 -0.000648181985827667 -0.0283933233542253 0.999596618166056
2024-09-21T13:40:50 -0.000656954722117262 -0.0286785378276113 0.999588470260919
2024-09-21T13:41:00 -0.000665639330737039 -0.0289735077013912 0.99957995817031
2024-09-21T13:41:09 -0.00067423464873919 -0.0292786192356008 0.999571061937717
2024-09-21T13:41:20 -0.000682739525237001 -0.0295942812153156 0.999561760165969
2024-09-21T13:41:29 -0.000691152821553068 -0.0299209265916951 0.999552029891227
2024-09-21T13:41:39 -0.000699473411377081 -0.030259014169212 0.999541846446888
2024-09-21T13:41:50 -0.000707700180913822 -0.0306090305432521 0.999531183310284
2024-09-21T13:41:59 -0.000715832029032902 -0.0309714922124495 0.999520011933048
2024-09-21T13:42:09 -0.000723867867416408 -0.0313469477834022 0.999508301556308
2024-09-21T13:42:20 -0.00073180662070618 -0.0317359804845492 0.999496019002454
2024-09-21T13:42:29 -0.000739647226643628 -0.0321392109175055 0.999483128443687
2024-09-21T13:42:39 -0.000747388636214139 -0.0325572999674524 0.999469591147753
2024-09-21T13:42:50 -0.000755029813789462 -0.0329909521056381 0.999455365191034
2024-09-21T13:42:59 -0.000762569737261427 -0.0334409190193347 0.999440405138064
2024-09-21T13:43:10 -0.000770007398181736 -0.0339080034861861 0.999424661687006
2024-09-21T13:43:20 -0.000777341801896025 -0.0343930638328887 0.999408081266061
2024-09-21T13:43:29 -0.000784571967674915 -0.0348970186702737 0.999390605586602
2024-09-21T13:43:40 -0.000791696928846247 -0.0354208522602182 0.999372171136025
2024-09-21T13:43:50 -0.000798715732923693 -0.0359656204626757 0.999352708605882
2024-09-21T13:43:59 -0.000805627441734652 -0.0365324572192754 0.999332142249986
2024-09-21T13:44:10 -0.000812431131542569 -0.037122581885616 0.999310389153341
2024-09-21T13:44:20 -0.0008191258931705 -0.0377373074013442 0.999287358402411
2024-09-21T13:44:29 -0.000825710832124752 -0.0383780492877341 0.999262950146001
2024-09-21T13:44:40 -0.000832185068711752 -0.0390463358419194 0.999237054519763
2024-09-21T13:44:50 -0.000838547738153719 -0.0397438195663123 0.999209550416714
2024-09-21T13:44:59 -0.000844797990703993 -0.0404722898803506 0.9991803040834
2024-09-21T13:45:10 -0.000850934991762792 -0.0412336875721905 0.999149167501449
2024-09-21T13:45:19 -0.000856957921983321 -0.0420301211139432 0.999115976522379
2024-09-21T13:45:29 -0.000862865977383412 -0.0428638849879434 0.999080548717692
2024-09-21T13:45:40 -0.000868658369452202 -0.0437374806251438 0.999042680880653
2024-09-21T13:45:49 -0.000874334325251729 -0.0446536402286822 0.999002146120725
2024-09-21T13:45:59 -0.000879893087519915 -0.0456153538090584 0.998958690479756
2024-09-21T13:46:10 -0.000885333914774269 -0.0466259002756412 0.998912028963184
2024-09-21T13:46:19 -0.000890656081404973 -0.0476888831274661 0.998861840875804
2024-09-21T13:46:29 -0.000895858877772314 -0.0488082713979028 0.99880776432706
2024-09-21T13:46:40 -0.000900941610301817 -0.0499884471318693 0.998749389715738
2024-09-21T13:46:49 -0.000905903601573239 -0.0512342604430648 0.99868625198083
2024-09-21T13:47:00 -0.000910744190410983 -0.0525510934101661 0.998617821354304
2024-09-21T13:47:10 -0.000915462731969003 -0.053944935036764 0.998543492248518
2024-09-21T13:47:19 -0.000920058597821511 -0.0554224689071609 0.998462569870504
2024-09-21T13:47:30 -0.000924531176036188 -0.0569911766956596 0.998374253985422
2024-09-21T13:47:40 -0.000928879871262478 -0.0586594607125543 0.998277619127614
2024-09-21T13:47:49 -0.000933104104802673 -0.0604367894963246 0.998171590355138
2024-09-21T13:48:00 -0.000937203314696044 -0.0623338721150194 0.998054913337485
2024-09-21T13:48:10 -0.000941176955783617 -0.0643628677307524 0.997926117226827
2024-09-21T13:48:19 -0.000945024499783728 -0.066537638804856 0.997783468269027
2024-09-21T13:48:30 -0.00094874543536043 -0.0688740594073431 0.99762491138847
2024-09-21T13:48:40 -0.000952339268190478 -0.0713903928150013 0.997447996069789
2024-09-21T13:48:49 -0.000955805521025009 -0.0741077569768662 0.997249781545057
2024-09-21T13:49:00 -0.000959143733753828 -0.0770507031619511 0.997026714379082
2024-09-21T13:49:09 -0.000962353463463366 -0.0802479408008103 0.996774468911118
2024-09-21T13:49:19 -0.000965434284496217 -0.0837332530665236 0.996487737138566
2024-09-21T13:49:30 -0.000968385788502132 -0.0875466648524873 0.996159948854686
2024-09-21T13:49:39 -0.000971207584494443 -0.0917359474448823 0.995782894361124
2024-09-21T13:49:49 -0.000973899298898515 -0.0963585779255204 0.995346209105318
2024-09-21T13:50:00 -0.000976460575599088 -0.101484321967822 0.994836659416748
2024-09-21T13:50:09 -0.000978891075986081 -0.107198682324775 0.99423713684417
2024-09-21T13:50:19 -0.000981190478996013 -0.113607568570603 0.993525217409563
2024-09-21T13:50:30 -0.000983358481160769 -0.120843720786774 0.992671057376262
2024-09-21T13:50:39 -0.000985394796634038 -0.129075698475889 0.991634253674234
2024-09-21T13:50:50 -0.000987299157231152 -0.13852069981802 0.990359046488848
2024-09-21T13:51:00 -0.000989071312469441 -0.149463234494481 0.988766789122888
2024-09-21T13:51:09 -0.000990711029593143 -0.1622829664936 0.986743764752376
2024-09-21T13:51:20 -0.000992218093598133 -0.177497331799043 0.984120781564679
2024-09-21T13:51:30 -0.000993592307274771 -0.195828696203224 0.980637616307713
2024-09-21T13:51:39 -0.000994833491208626 -0.218313641887524 0.975878150217603
2024-09-21T13:51:50 -0.000995941483824371 -0.246487119752184 0.969145555578126
2024-09-21T13:52:00 -0.000996916141382628 -0.282704071502901 0.95920665871015
2024-09-21T13:52:09 -0.0009977573380255 -0.330718950588832 0.943728764106359
2024-09-21T13:52:20 -0.000998464965759965 -0.396738677475219 0.917931056704656
2024-09-21T13:52:30 -0.000999038934508123 -0.491175983483149 0.871059788516591
2024-09-21T13:52:39 -0.000999479172068442 -0.62996150951946 0.776625712660448
2024-09-21T13:52:50 -0.000999785624182055 -0.82232666992749 0.569014805039966
2024-09-21T13:52:59 -0.000999958254410142 -0.988802443575969 0.149227100962532
2024-09-21T13:53:09 -0.000999997042985201 -0.931580443121815 -0.363533874623641
2024-09-21T13:53:20 -0.000999901991946063 -0.731752212535503 -0.68157002548924
2024-09-21T13:53:29 -0.000999673117389497 -0.561790420008067 -0.827278988395583
2024-09-21T13:53:39 -0.000999310454560118 -0.444788015868069 -0.895635317704009
2024-09-21T13:53:50 -0.000998814056641413 -0.364530899347454 -0.931190756929758
2024-09-21T13:53:59 -0.000998183994700446 -0.307442152405901 -0.951566249166467
2024-09-21T13:54:09 -0.000997420357689254 -0.265221786153616 -0.964186916164141
2024-09-21T13:54:20 -0.000996523252422687 -0.232916797784638 -0.972496155391453
2024-09-21T13:54:29 -0.000995492803553992 -0.207485768627828 -0.978237529852028
2024-09-21T13:54:40 -0.000994329153573742 -0.186988039824629 -0.982361687094971
2024-09-21T13:54:50 -0.000993032462775758 -0.170138146746654 -0.985419720174171
2024-09-21T13:54:59 -0.000991602909235046 -0.156055431070903 -0.987747801393121
2024-09-21T13:55:10 -0.000990040688783965 -0.144118407604853 -0.989559954933947
2024-09-21T13:55:20 -0.000988346014989602 -0.133876974588959 -0.990997466619901
2024-09-21T13:55:29 -0.000986519119105787 -0.124997674913594 -0.992156544123065
2024-09-21T13:55:40 -0.000984560250062164 -0.117228497762328 -0.993104480884817
2024-09-21T13:55:50 -0.000982469674407869 -0.110375607718648 -0.993889460641412
2024-09-21T13:55:59 -0.00098024767628514 -0.104287570962334 -0.994546701596898
2024-09-21T13:56:10 -0.000977894557390734 -0.0988444218644888 -0.995102418843663
2024-09-21T13:56:19 -0.000975410636920539 -0.0939499303509605 -0.995576445664088
2024-09-21T13:56:29 -0.000972796251540078 -0.0895260324958427 -0.995984007488577
2024-09-21T13:56:40 -0.000970051755328694 -0.085508753138852 -0.996336947089804
2024-09-21T13:56:49 -0.000967177519727109 -0.0818451756866162 -0.996644586492332
2024-09-21T13:56:59 -0.000964173933496248 -0.078491159014425 -0.996914343524657
2024-09-21T13:57:10 -0.000961041402649715 -0.0754095961153095 -0.997152179565962
2024-09-21T13:57:19 -0.000957780350410481 -0.0725690704805132 -0.997362929262159
2024-09-21T13:57:29 -0.000954391217140166 -0.0699428081647663 -0.99755054645037
2024-09-21T13:57:40 -0.000950874460288074 -0.0675078528583603 -0.997718289719205
2024-09-21T13:57:49 -0.000947230554321769 -0.0652444104617338 -0.997868863958475
2024-09-21T13:57:59 -0.000943459990662746 -0.0631353237572382 -0.998004529437274
2024-09-21T13:58:10 -0.000939563277618802 -0.0611656484149787 -0.998127186622438
2024-09-21T13:58:19 -0.000935540940316172 -0.0593223081331376 -0.998238442718425
2024-09-21T13:58:30 -0.000931393520624332 -0.057593812026678 -0.998339664303861
2024-09-21T13:58:40 -0.000927121577084669 -0.05597002201048 -0.998432019259062
2024-09-21T13:58:49 -0.000922725684828726 -0.054441959653158 -0.998516510432569
2024-09-21T13:59:00 -0.000918206435506076 -0.0530016453249361 -0.998594002830876
2024-09-21T13:59:10 -0.000913564437199143 -0.0516419633730094 -0.998665245725013
2024-09-21T13:59:19 -0.000908800314339684 -0.0503565483856918 -0.998730890739176
2024-09-21T13:59:30 -0.000903914707627693 -0.0491396890828332 -0.998791506719517
2024-09-21T13:59:40 -0.00089890827393928 -0.0479862466050826 -0.998847592028269
2024-09-21T13:59:49 -0.00089378168623907 -0.046891584599672 -0.998899584767172
2024-09-21T14:00:00 -0.000888535633490421 -0.0458515094314242 -0.99894787130625
2024-09-21T14:00:09 -0.000883170820558751 -0.0448622187323015 -0.998992793437328
2024-09-21T14:00:19 -0.000877687968116507 -0.0439202568245048 -0.999034654406092
2024-09-21T14:00:30 -0.00087208781254737 -0.0430224762224234 -0.999073724007662
2024-09-21T14:00:39 -0.000866371105843415 -0.0421660041565199 -0.999110242913453
2024-09-21T14:00:49 -0.000860538615505186 -0.0413482132395137 -0.999144426364472
2024-09-21T14:01:00 -0.000854591124437034 -0.0405666959289886 -0.999176467324674
2024-09-21T14:01:09 -0.000848529430841186 -0.0398192421188568 -0.999206539187412
2024-09-21T14:01:19 -0.000842354348110426 -0.0391038192965 -0.999234798110824
2024-09-21T14:01:30 -0.000836066704714634 -0.0384185551578455 -0.999261385029987
2024-09-21T14:01:39 -0.000829667344096735 -0.0377617222304788 -0.999286427400216
2024-09-21T14:01:49 -0.00082315712454781 -0.0371317241204685 -0.999310040716188
2024-09-21T14:02:00 -0.000816536919102198 -0.0365270834048352 -0.999332329830971
2024-09-21T14:02:09 -0.000809807615411149 -0.0359464308468194 -0.999353390108325
2024-09-21T14:02:20 -0.000802970115629284 -0.0353884956422869 -0.999373308436427
2024-09-21T14:02:30 -0.000796025336290967 -0.0348520968793498 -0.999392164111154
2024-09-21T14:02:39 -0.000788974208182763 -0.0343361357003221 -0.999410029619909
2024-09-21T14:02:50 -0.00078181767622427 -0.0338395883813987 -0.99942697132872
2024-09-21T14:03:00 -0.000774556699341349 -0.0333615001060261 -0.999443050089696
2024-09-21T14:03:09 -0.00076719225033017 -0.032900979246504 -0.999458321782691
2024-09-21T14:03:20 -0.000759725315732402 -0.0324571923031822 -0.999472837792623
2024-09-21T14:03:30 -0.000752156895703088 -0.0320293593271347 -0.999486645434094
2024-09-21T14:03:39 -0.000744488003871361 -0.031616749671632 -0.999499788333051
2024-09-21T14:03:50 -0.000736719667210275 -0.0312186782359341 -0.99951230676432
2024-09-21T14:03:59 -0.000728852925893203 -0.0308345020519259 -0.999524237953549
2024-09-21T14:04:09 -0.000720888833161457 -0.0304636170796305 -0.999535616350771
2024-09-21T14:04:20 -0.000712828455178184 -0.030105455381989 -0.999546473872944
2024-09-21T14:04:29 -0.000704672870884147 -0.0297594825465962 -0.999556840122013
2024-09-21T14:04:39 -0.000696423171857487 -0.0294251952348312 -0.999566742584085
2024-09-21T14:04:50 -0.000688080462165753 -0.0291021190313694 -0.999576206806245
2024-09-21T14:04:59 -0.000679645858218983 -0.0287898064741282 -0.999585256556283
2024-09-21T14:05:09 -0.000671120488619376 -0.0284878351554454 -0.999593913969791
2024-09-21T14:05:20 -0.000662505494009921 -0.0281958060675572 -0.999602199680789
2024-09-21T14:05:29 -0.000653802026922413 -0.0279133420816322 -0.99961013294021
2024-09-21T14:05:40 -0.000645011251626296 -0.027640086448921 -0.999617731726274
2024-09-21T14:05:50 -0.000636134343968883 -0.0273757015651412 -0.999625012840772
2024-09-21T14:05:59 -0.000627172491221147 -0.0271198676861416 -0.999631992000732
2024-09-21T14:06:10 -0.000618126891915576 -0.0268722818366492 -0.999638683919364
2024-09-21T14:06:20 -0.000608998755691416 -0.0266326568020383 -0.99964510237993
2024-09-21T14:06:29 -0.000599789303133508 -0.0264007201106447 -0.999651260305528
2024-09-21T14:06:40 -0.000590499765603744 -0.0261762131744257 -0.999657169820671
2024-09-21T14:06:50 -0.000581131385077539 -0.0259588904929278 -0.99966284230769
2024-09-21T14:06:59 -0.000571685413988037 -0.0257485188320485 -0.999668288460599
2024-09-21T14:07:10 -0.000562163115045384 -0.0255448765426438 -0.999673518332387
2024-09-21T14:07:20 -0.000552565761079263 -0.0253477529278836 -0.999678541378471
2024-09-21T14:07:29 -0.000542894634866596 -0.0251569475740631 -0.999683366498699
2024-09-21T14:07:40 -0.000533151028955546 -0.0249722698071066 -0.999688002073978
2024-09-21T14:07:49 -0.000523336245499701 -0.0247935381869537 -0.999692456000017
2024-09-21T14:07:59 -0.00051345159608451 -0.0246205799572024 -0.999696735720403
2024-09-21T14:08:10 -0.000503498401548292 -0.0244532306094753 -0.999700848255176
2024-09-21T14:08:19 -0.000493477991812922 -0.0242913334774793 -0.999704800227226
2024-09-21T14:08:29 -0.000483391705700301 -0.024134739280379 -0.999708597888568
2024-09-21T14:08:40 -0.00047324089075948 -0.023983305772284 -0.999712247142793
2024-09-21T14:08:49 -0.000463026903084304 -0.0238368974152066 -0.999715753565834
2024-09-21T14:08:59 -0.000452751107138504 -0.0236953849970203 -0.999719122427033
2024-09-21T14:09:10 -0.000442414875565245 -0.0235586453486987 -0.999722358706862
2024-09-21T14:09:19 -0.00043201958901506 -0.0234265610802598 -0.999725467113361
2024-09-21T14:09:30 -0.000421566635955098 -0.0232990202501842 -0.999728452099345
2024-09-21T14:09:40 -0.000411057412488678 -0.0231759161790224 -0.999731317875491
2024-09-21T14:09:49 -0.000400493322169467 -0.0230571471520692 -0.999734068425352
2024-09-21T14:10:00 -0.000389875775812086 -0.0229426162213234 -0.999736707517435
2024-09-21T14:10:10 -0.000379206191310857 -0.0228322310204997 -0.999739238716422
2024-09-21T14:10:19 -0.000368485993446419 -0.0227259035185042 -0.999741665395286
2024-09-21T14:10:30 -0.000357716613699422 -0.0226235498597973 -0.999743990744913
2024-09-21T14:10:40 -0.000346899490058708 -0.0225250902153964 -0.999746217783059
2024-09-21T14:10:49 -0.000336036066832642 -0.022430448571039 -0.999748349364311
2024-09-21T14:11:00 -0.000325127794460351 -0.0223395525990748 -0.999750388187767
2024-09-21T14:11:10 -0.000314176129308872 -0.0222523335391134 -0.999752336804183
2024-09-21T14:11:19 -0.000303182533494866 -0.0221687260149059 -0.99975419762421
2024-09-21T14:11:30 -0.000292148474678761 -0.022088667932362 -0.999755972924514
2024-09-21T14:11:39 -0.000281075425877951 -0.022012100384847 -0.999757664853465
2024-09-21T14:11:49 -0.000269964865267643 -0.0219389674940622 -0.999759275437976
2024-09-21T14:12:00 -0.000258818275981049 -0.0218692163299255 -0.999760806588363
2024-09-21T14:12:09 -0.000247637145925355 -0.0218027968365784 -0.999762260102844
2024-09-21T14:12:19 -0.000236422967582585 -0.0217396616935233 -0.999763637673241
2024-09-21T14:12:30 -0.000225177237788838 -0.0216797662540069 -0.999764940888799
2024-09-21T14:12:39 -0.000213901457568653 -0.0216230684886297 -0.999766171239707
2024-09-21T14:12:49 -0.000202597131918461 -0.0215695288637753 -0.999767330121862
2024-09-21T14:13:00 -0.000191265769606785 -0.0215191102958506 -0.999768418839823
2024-09-21T14:13:09 -0.000179908882983037 -0.0214717781100558 -0.999769438609516
2024-09-21T14:13:20 -0.000168527987772137 -0.0214274999260109 -0.999770390562372
2024-09-21T14:13:30 -0.000157124602878823 -0.0213862456645483 -0.999771275746725
2024-09-21T14:13:39 -0.000145700250169645 -0.0213479874422111 -0.999772095131488
2024-09-21T14:13:50 -0.000134256454296747 -0.0213126995475615 -0.99977284960795
2024-09-21T14:14:00 -0.000122794742473304 -0.0212803584212104 -0.99977353999139
2024-09-21T14:14:09 -0.000111316644295642 -0.0212509425702467 -0.999774167023974
2024-09-21T14:14:20 -9.98236915169783e-05 -0.0212244325558936 -0.999774731375979
2024-09-21T14:14:30 -8.83174178589195e-05 -0.0212008109845771 -0.999775233646858
2024-09-21T14:14:39 -7.67993588021893e-05 -0.0211800624333107 -0.999775674367595
2024-09-21T14:14:50 -6.52710513839037e-05 -0.0211621734477305 -0.999776054001424
2024-09-21T14:15:00 -5.37340338549742e-05 -0.0211471325433326 -0.999776372944394
2024-09-21T14:15:09 -4.21898461492574e-05 -0.0211349301409683 -0.999776631527239
2024-09-21T14:15:20 -3.06400284936299e-05 -0.0211255585745905 -0.999776830015629
2024-09-21T14:15:29 -1.90861221372832e-05 -0.0211190121020921 -0.999776968610275
2024-09-21T14:15:39 -7.52966887222462e-06 -0.0211152868503487 -0.999777047448346
2024-09-21T14:15:50 4.02778917302539e-06 -0.0211143808183068 -0.999777066603569
2024-09-21T14:15:59 1.55847097398886e-05 -0.0211162939530565 -0.999777026084719
2024-09-21T14:16:09 2.71395506340344e-05 -0.0211210280202254 -0.999776925838366
2024-09-21T14:16:20 3.86907699486674e-05 -0.0211285866861817 -0.999776765747069
2024-09-21T14:16:29 5.0236826244341e-05 -0.0211389755334439 -0.999776545628901
2024-09-21T14:16:39 6.17761789979163e-05 -0.0211522020241848 -0.999776265237994
2024-09-21T14:16:50 7.3307288036848e-05 -0.0211682755358203 -0.999775924263473
2024-09-21T14:16:59 8.48286147222451e-05 -0.0211872073998688 -0.999775522328238
2024-09-21T14:17:10 9.63386215795276e-05 -0.0212090108671722 -0.999775058989224
2024-09-21T14:17:20 0.000107835772627686 -0.021233701191697 -0.999774533735056
2024-09-21T14:17:29 0.00011931853359701 -0.0212612956023079 -0.999773945985991
2024-09-21T14:17:40 0.000130785372114291 -0.0212918133548721 -0.999773295092066
2024-09-21T14:17:50 0.000142234757908389 -0.0213252757880744 -0.999772580331065
2024-09-21T14:17:59 0.00015366516302623 -0.0213617063132419 -0.999771800907789
2024-09-21T14:18:10 0.000165075062014092 -0.0214011304774049 -0.999770955951669
2024-09-21T14:18:20 0.000176462932136692 -0.0214435760304711 -0.999770044514167
2024-09-21T14:18:29 0.00018782725357299 -0.0214890729264025 -0.999769065567487
2024-09-21T14:18:40 0.000199166509618532 -0.0215376533984125 -0.999768018001572
2024-09-21T14:18:49 0.000210479186877038 -0.0215893520387999 -0.999766900620868
2024-09-21T14:18:59 0.000221763775473436 -0.0216442058128179 -0.99976571214238
2024-09-21T14:19:10 0.000233018769252549 -0.0217022541475678 -0.999764451191963
2024-09-21T14:19:19 0.000244242665953414 -0.0217635390262013 -0.999763116300344
2024-09-21T14:19:29 0.000255433967457848 -0.0218281050162447 -0.999761705900405
2024-09-21T14:19:40 0.000266591179939644 -0.0218959993742098 -0.999760218322647
2024-09-21T14:19:49 0.000277712814093074 -0.0219672721563558 -0.999758651790322
2024-09-21T14:19:59 0.000288797385309852 -0.0220419762637519 -0.999757004415802
2024-09-21T14:20:10 0.000299843413895166 -0.0221201675651781 -0.999755274195048
2024-09-21T14:20:19 0.000310849425244378 -0.0222019050272377 -0.999753459001666
2024-09-21T14:20:29 0.000321813950053941 -0.0222872507790742 -0.99975155658218
2024-09-21T14:20:40 0.000332735524511876 -0.0223762702568249 -0.999749564549275
2024-09-21T14:20:49 0.000343612690484877 -0.0224690323566135 -0.999747480374558
2024-09-21T14:21:00 0.000354443995721349 -0.0225656095144086 -0.999745301382656
2024-09-21T14:21:10 0.000365227994025749 -0.0226660779172783 -0.999743024742039
2024-09-21T14:21:19 0.000375963245485168 -0.0227705176014798 -0.999740647458029
2024-09-21T14:21:30 0.000386648316621649 -0.0228790126425295 -0.999738166363365
2024-09-21T14:21:40 0.00039728178060245 -0.0229916513568215 -0.999735578108068
2024-09-21T14:21:49 0.000407862217428565 -0.023108526439757 -0.999732879150323
2024-09-21T14:22:00 0.000418388214120643 -0.0232297351909472 -0.999730065744879
2024-09-21T14:22:10 0.000428858364909626 -0.0233553797534232 -0.999727133930592
2024-09-21T14:22:19 0.000439271271410374 -0.0234855672907422 -0.999724079518835
2024-09-21T14:22:30 0.000449625542819179 -0.0236204102551074 -0.999720898079185
2024-09-21T14:22:39 0.000459919796103256 -0.0237600266726171 -0.999717584924011
2024-09-21T14:22:49 0.000470152656172731 -0.0239045403683845 -0.999714135093756
2024-09-21T14:23:00 0.000480322756064806 -0.0240540812875324 -0.999710543339152
2024-09-21T14:23:09 0.0004904287371349 -0.0242087858373088 -0.999706804102051
2024-09-21T14:23:19 0.000500469249219751 -0.0243687971718564 -0.999702911496674
2024-09-21T14:23:30 0.000510442950837253 -0.0245342655788975 -0.999698859287385
2024-09-21T14:23:39 0.000520348509350178 -0.0247053488926877 -0.999694640864659
2024-09-21T14:23:49 0.000530184601148293 -0.0248822128535123 -0.999690249221128
2024-09-21T14:24:00 0.000539949911825738 -0.0250650315766793 -0.999685676923578
2024-09-21T14:24:09 0.000549643136351499 -0.0252539880544705 -0.999680916082611
2024-09-21T14:24:19 0.000559262979248933 -0.0254492746100492 -0.999675958321867
2024-09-21T14:24:30 0.00056880815476158 -0.02565109347048 -0.999670794742475
2024-09-21T14:24:39 0.000578277387028916 -0.0258596573814793 -0.999665415884423
2024-09-21T14:24:50 0.00058766941025836 -0.0260751901721043 -0.999659811687032
2024-09-21T14:25:00 0.000596982968882432 -0.0262979275081441 -0.999653971442174
2024-09-21T14:25:09 0.000606216817739118 -0.0265281175557361 -0.999647883747132
2024-09-21T14:25:20 0.000615369722235095 -0.0267660217959547 -0.999641536450604
2024-09-21T14:25:30 0.000624440458502964 -0.0270119159025764 -0.999634916593746
2024-09-21T14:25:39 0.000633427813568579 -0.0272660905989817 -0.999628010348176
2024-09-21T14:25:50 0.000642330585518278 -0.0275288526759721 -0.999620802945679
2024-09-21T14:26:00 0.000651147583649961 -0.0278005260917462 -0.999613278601203
2024-09-21T14:26:09 0.000659877628640395 -0.0280814530693003 -0.999605420430998
2024-09-21T14:26:20 0.000668519552693736 -0.0283719953803636 -0.999597210360125
2024-09-21T14:26:29 0.000677072199707572 -0.0286725357373703 -0.999588629020772
2024-09-21T14:26:39 0.000685534425419948 -0.0289834792086274 -0.999579655643068
2024-09-21T14:26:50 0.000693905097562431 -0.0293052548546145 -0.999570267931986
2024-09-21T14:26:59 0.000702183096017236 -0.0296383175080711 -0.999560441931447
2024-09-21T14:27:09 0.000710367312958919 -0.0299831496138718 -0.99955015187709
2024-09-21T14:27:20 0.000718456653012472 -0.0303402633375255 -0.999539370030339
2024-09-21T14:27:29 0.000726450033390529 -0.0307102028675265 -0.999528066494475
2024-09-21T14:27:39 0.000734346384042743 -0.0310935468299856 -0.999516209013601
2024-09-21T14:27:50 0.000742144647800223 -0.0314909110381848 -0.999503762745947
2024-09-21T14:27:59 0.000749843780511745 -0.0319029515071598 -0.999490690011386
2024-09-21T14:28:10 0.000757442751193043 -0.0323303676448785 -0.999476950013569
2024-09-21T14:28:20 0.000764940542154969 -0.0327739059438583 -0.999462498523656
2024-09-21T14:28:29 0.00077233614914655 -0.033234363862513 -0.999447287532227
2024-09-21T14:28:40 0.00077962858148964 -0.0337125942322595 -0.99943126485487
2024-09-21T14:28:50 0.000786816862202602 -0.0342095101266104 -0.999414373688973
2024-09-21T14:28:59 0.000793900028151138 -0.0347260901348545 -0.999396552118673
2024-09-21T14:29:10 0.000800877130153723 -0.0352633843270547 -0.999377732552424
2024-09-21T14:29:20 0.000807747233128193 -0.0358225208789325 -0.999357841087108
2024-09-21T14:29:29 0.000814509416208957 -0.0364047133228402 -0.999336796791899
2024-09-21T14:29:40 0.000821162772871779 -0.0370112687558697 -0.999314510890731
2024-09-21T14:29:50 0.000827706411060259 -0.037643597009085 -0.999290885831705
2024-09-21T14:29:59 0.000834139453293433 -0.0383032207848109 -0.999265814230069
2024-09-21T14:30:10 0.000840461036805166 -0.0389917871599746 -0.999239177654338
2024-09-21T14:30:19 0.000846670313643983 -0.0397110805199666 -0.999210845234036
2024-09-21T14:30:29 0.000852766450781207 -0.0404630370006407 -0.999180672063899
2024-09-21T14:30:40 0.000858748630250903 -0.0412497609421588 -0.999148497358128
2024-09-21T14:30:49 0.000864616049238976 -0.0420735435241152 -0.999114142315287
2024-09-21T14:30:59 0.000870367920191927 -0.0429368837841612 -0.99907740764697
2024-09-21T14:31:10 0.000876003470928464 -0.0438425126984555 -0.999038070695109
2024-09-21T14:31:19 0.000881521944746792 -0.0447934206799454 -0.998995882065012
2024-09-21T14:31:29 0.000886922600524044 -0.0457928889214734 -0.998950561685876
2024-09-21T14:31:40 0.000892204712825696 -0.0468445255643882 -0.998901794169676
2024-09-21T14:31:49 0.00089736757196984 -0.0479523073904034 -0.998849223330217
2024-09-21T14:32:00 0.000902410484176735 -0.0491206278638038 -0.99879244569309
2024-09-21T14:32:10 0.000907332771622955 -0.0503543531816217 -0.998731002754446
2024-09-21T14:32:19 0.00091213377254278 -0.0516588872980472 -0.998664371736125
2024-09-21T14:32:30 0.000916812841329266 -0.0530402481928977 -0.998591954466813
2024-09-21T14:32:40 0.00092136934861078 -0.0545051574707939 -0.998513063954402
2024-09-21T14:32:49 0.000925802681343124 -0.0560611458999431 -0.998426908095821
2024-09-21T14:33:00 0.000930112242892855 -0.0577166787215609 -0.998332569782519
2024-09-21T14:33:10 0.000934297453108363 -0.0594813049375409 -0.99822898247406
2024-09-21T14:33:19 0.000938357748416911 -0.0613658358906967 -0.998114900034145
2024-09-21T14:33:30 0.000942292581889197 -0.0633825605301231 -0.997988859209027
2024-09-21T14:33:40 0.000946101423316733 -0.0655455061712284 -0.99784913264123
2024-09-21T14:33:49 0.000949783759291508 -0.0678707561235743 -0.997693669607072
2024-09-21T14:34:00 0.000953339093263691 -0.0703768396963718 -0.997520020640651
2024-09-21T14:34:09 0.000956766945621165 -0.0730852142149102 -0.997325240861863
2024-09-21T14:34:19 0.000960066853758403 -0.0760208650765418 -0.997105764873843
2024-09-21T14:34:30 0.000963238372122195 -0.079213059499189 -0.996857243228245
2024-09-21T14:34:39 0.000966281072294883 -0.0826963014002941 -0.996574326397987
2024-09-21T14:34:49 0.000969194543038964 -0.0865115523848256 -0.99625037614342
2024-09-21T14:35:00 0.000971978390364885 -0.0907078098871011 -0.995877074986413
2024-09-21T14:35:09 0.000974632237574016 -0.0953441695326387 -0.995443890647852
2024-09-21T14:35:19 0.000977155725317932 -0.100492553048554 -0.994937330663832
2024-09-21T14:35:30 0.000979548511656406 -0.10624136573522 -0.994339887911286
2024-09-21T14:35:39 0.000981810272095137 -0.112700471963738 -0.993628521967712
2024-09-21T14:35:50 0.000983940699623159 -0.120008072929409 -0.99277242824953
2024-09-21T14:36:00 0.000985939504787047 -0.128340385602035 -0.991729687640142
2024-09-21T14:36:09 0.000987806415691009 -0.137925532688269 -0.990442109197273
2024-09-21T14:36:20 0.000989541178067446 -0.149063918540764 -0.988827067286049
2024-09-21T14:36:30 0.000991143555303866 -0.16215885778383 -0.986764167608804
2024-09-21T14:36:39 0.000992613328475875 -0.177763888706537 -0.984072667332403
2024-09-21T14:36:50 0.000993950296355649 -0.196658122296893 -0.980471618659851
2024-09-21T14:37:00 0.000995154275505355 -0.219970358000994 -0.975506048812042
2024-09-21T14:37:09 0.000996225100228496 -0.249391156382024 -0.968402322722321
2024-09-21T14:37:20 0.000997162622642527 -0.287549064877563 -0.957765389307185
2024-09-21T14:37:30 0.000997966712679823 -0.338699633186731 -0.940894023013014
2024-09-21T14:37:39 0.000998637258117196 -0.409991728746718 -0.91208869364931
2024-09-21T14:37:50 0.000999174164599616 -0.513527515929702 -0.858072544738531
2024-09-21T14:37:59 0.000999577355614462 -0.667044413928909 -0.745017282142735
2024-09-21T14:38:09 0.000999846773568007 -0.871541108699058 -0.49032142126777
2024-09-21T14:38:20 0.0009999823760674 -0.999966643369073 -0.00810630522719365
2024-09-21T14:38:29 0.000999984140872536 -0.877514039385511 0.479549904298856
2024-09-21T14:38:39 0.000999852063235325 -0.672299302987436 0.740278763371245
2024-09-21T14:38:50 0.000999586156247308 -0.516993917612269 0.855988487060098
2024-09-21T14:38:59 0.000999186450868752 -0.41222164050785 0.91108304820332
2024-09-21T14:39:09 0.000998652995957468 -0.340162239688117 0.940366233646529
2024-09-21T14:39:20 0.000997985858279798 -0.288526422370895 0.957471413473049
2024-09-21T14:39:29 0.000997185122506427 -0.25004879605505 0.968232722651559
2024-09-21T14:39:40 0.000996250891202265 -0.220408498508624 0.975407146410839
2024-09-21T14:39:50 0.000995183284813484 -0.196939965909472 0.980415044477494
2024-09-21T14:39:59 0.00099398244167178 -0.177930893069403 0.984042483478447
2024-09-21T14:40:10 0.000992648517939827 -0.162239192606746 0.986750960998382
2024-09-21T14:40:20 0.000991181687638902 -0.14907732422134 0.988825044667593
2024-09-21T14:40:29 0.000989582142586703 -0.137886218990078 0.990447581318569
2024-09-21T14:40:40 0.000987850092394761 -0.128258823497221 0.991740237334003
2024-09-21T14:40:50 0.000985985764441456 -0.119892137992698 0.992786433770936
2024-09-21T14:40:59 0.00098398940384787 -0.112556195247904 0.993644873521808
2024-09-21T14:41:10 0.00098186127344183 -0.106073440028046 0.994357813500279
2024-09-21T14:41:19 0.000979601653707398 -0.100304681854441 0.994956286064207
2024-09-21T14:41:29 0.000977210842789579 -0.0951393128541224 0.995463488134353
2024-09-21T14:41:40 0.000974689156419785 -0.0904883603824935 0.995897036151999
2024-09-21T14:41:49 0.000972036927907794 -0.0862794640567353 0.996270500028127
2024-09-21T14:41:59 0.000969254508040596 -0.0824531848377257 0.996594467602452
2024-09-21T14:42:10 0.000966342265130082 -0.0789602533211892 0.996877296650937
2024-09-21T14:42:19 0.000963300584893307 -0.0757594904439635 0.99712565489995
2024-09-21T14:42:29 0.000960129870417074 -0.0728162167138269 0.99734491362523
2024-09-21T14:42:40 0.000956830542121892 -0.0701010218397619 0.997539438424534
2024-09-21T14:42:49 0.000953403037702954 -0.0675888030338221 0.99771280673704
2024-09-21T14:42:59 0.000949847812062408 -0.0652580058797676 0.997867972458145
2024-09-21T14:43:10 0.000946165337254086 -0.063090020138063 0.99800739182139
2024-09-21T14:43:19 0.000942356102448511 -0.0610686947273295 0.998133120625338
2024-09-21T14:43:30 0.000938420613829482 -0.059179945164495 0.998246890031258
2024-09-21T14:43:40 0.000934359394547515 -0.0574114340399521 0.998350166131102
2024-09-21T14:43:49 0.000930172984656136 -0.0557523086377967 0.998444197168662
2024-09-21T14:44:00 0.000925861941040162 -0.0541929845681326 0.998530051226934
2024-09-21T14:44:10 0.000921426837321087 -0.052724966126825 0.998608646527512
2024-09-21T14:44:19 0.000916868263822581 -0.051340696151343 0.998680775959607
2024-09-21T14:44:30 0.000912186827461792 -0.0500334301742528 0.998747127044774
2024-09-21T14:44:40 0.000907383151656464 -0.0487971302843868 0.998808298289429
2024-09-21T14:44:49 0.00090245787630856 -0.0476263750349782 0.998864812660256
2024-09-21T14:45:00 0.0008974116576456 -0.0465162829171396 0.998917128732854
2024-09-21T14:45:09 0.000892245168184154 -0.0454624469548764 0.998965649967723
2024-09-21T14:45:19 0.000886959096587516 -0.0444608784368602 0.99901073247097
2024-09-21T14:45:30 0.000881554147659684 -0.0435079585916371 0.999052691504043
2024-09-21T14:45:39 0.000876031042191614 -0.0426003968138433 0.999091806973171
2024-09-21T14:45:49 0.000870390516845063 -0.0417351942923339 0.999128328082899
2024-09-21T14:46:00 0.000864633324117094 -0.0409096124898594 0.999162477285423
2024-09-21T14:46:09 0.000858760232207196 -0.0401211456264785 0.99919445364978
2024-09-21T14:46:19 0.000852772024920516 -0.0393674964569691 0.99922443575134
2024-09-21T14:46:30 0.0008466695015612 -0.0386465551261663 0.99925258414859
2024-09-21T14:46:39 0.00084045347682852 -0.0379563805509175 0.999279043517589
2024-09-21T14:46:49 0.000834124780722899 -0.0372951838610533 0.999303944501682
2024-09-21T14:47:00 0.000827684258410467 -0.0366613138626489 0.999327405310508
2024-09-21T14:47:09 0.000821132770096303 -0.0360532441411738 0.999349533110348
2024-09-21T14:47:20 0.000814471191018825 -0.0354695614632345 0.999370425240954
2024-09-21T14:47:30 0.000807700411165382 -0.0349089556293112 0.99939017027231
2024-09-21T14:47:39 0.000800821335278968 -0.0343702102230062 0.999408848937418
2024-09-21T14:47:50 0.000793834882708326 -0.033852194453503 0.999426534947347
2024-09-21T14:48:00 0.000786741987268498 -0.0333538558399731 0.999443295708992
2024-09-21T14:48:09 0.000779543597112955 -0.0328742135300862 0.999459192962153
2024-09-21T14:48:20 0.000772240674611989 -0.032412352390566 0.999474283339422
2024-09-21T14:48:30 0.000764834196279582 -0.0319674176781524 0.999488618862488
2024-09-21T14:48:39 0.000757325152547732 -0.0315386101216505 0.999502247386272
2024-09-21T14:48:50 0.000749714547704056 -0.0311251815728571 0.999515212990855
2024-09-21T14:48:59 0.000742003399738702 -0.030726431065018 0.999527556330971
2024-09-21T14:49:09 0.000734192740186812 -0.0303417011349179 0.999539314951273
2024-09-21T14:49:20 0.000726283614019778 -0.0299703745765597 0.999550523565394
2024-09-21T14:49:29 0.000718277079517051 -0.0296118714857723 0.999561214306131
2024-09-21T14:49:39 0.00071017420805549 -0.0292656464692191 0.999571416952952
2024-09-21T14:49:50 0.000701976084070084 -0.028931186190265 0.999581159133765
2024-09-21T14:49:59 0.000693683804794041 -0.0286080071256764 0.999590466506697
2024-09-21T14:50:09 0.000685298480225144 -0.0282956534188977 0.999599362926763
2024-09-21T14:50:20 0.000676821232881458 -0.0279936950035386 0.999607870593798
2024-09-21T14:50:29 0.000668253197733631 -0.0277017258817554 0.99961601018633
2024-09-21T14:50:40 0.000659595521957995 -0.0274193624421393 0.999623800985658
2024-09-21T14:50:50 0.000650849364883447 -0.0271462420605571 0.999631260984316
2024-09-21T14:50:59 0.00064201589774732 -0.026882021664996 0.999638406988642
2024-09-21T14:51:10 0.000633096303620063 -0.0266263765089027 0.999645254709428
2024-09-21T14:51:20 0.000624091777181757 -0.0263789990397392 0.999651818844499
2024-09-21T14:51:29 0.000615003524590905 -0.026139597767794 0.999658113156294
2024-09-21T14:51:40 0.000605832763317505 -0.0259078963046537 0.999664150540435
2024-09-21T14:51:50 0.000596580721980303 -0.0256836324738439 0.999669943088413
2024-09-21T14:51:59 0.000587248640180273 -0.0254665574031279 0.999675502147106
2024-09-21T14:52:10 0.000577837768333536 -0.0252564347651875 0.99968083837116
2024-09-21T14:52:20 0.000568349367514461 -0.0250530400735601 0.99968596177103
2024-09-21T14:52:29 0.000558784709249433 -0.0248561599469052 0.999690881759128
2024-09-21T14:52:40 0.000549145075395395 -0.0246655915054948 0.999695607190194
2024-09-21T14:52:49 0.000539431757949518 -0.0244811418104149 0.999700146398427
2024-09-21T14:52:59 0.000529646058855036 -0.0243026272614902 0.999704507233633
2024-09-21T14:53:10 0.000519789289848596 -0.0241298731149966 0.999708697092582
2024-09-21T14:53:19 0.000509862772266716 -0.0239627130346828 0.999712722947933
2024-09-21T14:53:29 0.000499867836888112 -0.0238009885945689 0.99971659137681
2024-09-21T14:53:40 0.000489805823746298 -0.0236445488918356 0.999720308585335
2024-09-21T14:53:49 0.000479678081920079 -0.0234932501859131 0.999723880431312
2024-09-21T14:53:59 0.000469485969418997 -0.0233469554843145 0.999727312447018
2024-09-21T14:54:10 0.000459230852925757 -0.0232055342309088 0.999730609858517
2024-09-21T14:54:19 0.000448914107667244 -0.0230688620149723 0.999733777603547
2024-09-21T14:54:30 0.000438537117176211 -0.0229368202148678 0.99973682035005
2024-09-21T14:54:40 0.000428101273176475 -0.0228092957888916 0.999739742510477
2024-09-21T14:54:49 0.000417607975329274 -0.0226861809556565 0.999742548257913
2024-09-21T14:55:00 0.000407058631071519 -0.0225673729760385 0.999745241539179
2024-09-21T14:55:10 0.000396454655434594 -0.0224527739495054 0.999747826086998
2024-09-21T14:55:19 0.000385797470817253 -0.0223422905495741 0.999750305432967
2024-09-21T14:55:30 0.000375088506850777 -0.022235833847942 0.99975268291798
2024-09-21T14:55:40 0.000364329200153545 -0.0221333191502793 0.999754961701929
2024-09-21T14:55:49 0.000353520994166074 -0.0220346657696321 0.999757144774333
2024-09-21T14:56:00 0.000342665338934647 -0.0219397968850132 0.999759234962653
2024-09-21T14:56:10 0.000331763690941509 -0.0218486394095367 0.999761234940026
2024-09-21T14:56:19 0.000320817512895332 -0.0217611237950809 0.999763147234033
2024-09-21T14:56:30 0.000309828273508341 -0.0216771839192819 0.99976497423333
2024-09-21T14:56:39 0.000298797447369945 -0.0215967569804147 0.999766718193807
2024-09-21T14:56:49 0.000287726514643052 -0.0215197833280418 0.99976838124586
2024-09-21T14:57:00 0.000276616960958717 -0.021446206373641 0.999769965399659
2024-09-21T14:57:09 0.000265470277162517 -0.0213759725078265 0.999771472550041
2024-09-21T14:57:19 0.0002542879591306 -0.0213090309528057 0.999772904482556
2024-09-21T14:57:30 0.000243071507561406 -0.0212453336928831 0.999774262877636
2024-09-21T14:57:39 0.000231822427775514 -0.0211848354105432 0.99977554931444
2024-09-21T14:57:49 0.000220542229518634 -0.0211274933574075 0.999776765275908
2024-09-21T14:58:00 0.000209232426741062 -0.0210732673016493 0.999777912152006
2024-09-21T14:58:09 0.000197894537405908 -0.0210221194802024 0.999778991242721
2024-09-21T14:58:20 0.000186530083281051 -0.0209740144778198 0.999780003762434
2024-09-21T14:58:30 0.000175140589722516 -0.0209289192279617 0.999780950841595
2024-09-21T14:58:39 0.000163727585495065 -0.0208868029012112 0.999781833530618
2024-09-21T14:58:50 0.000152292602530747 -0.0208476368759668 0.999782652801923
2024-09-21T14:59:00 0.000140837175749421 -0.0208113947130052 0.999783409551783
2024-09-21T14:59:09 0.000129362842840288 -0.0207780520644273 0.99978410460342
2024-09-21T14:59:20 0.000117871144028792 -0.0207475866561638 0.999784738708457
2024-09-21T14:59:30 0.000106363621930058 -0.0207199782739818 0.999785312548202
2024-09-21T14:59:39 9.48418212775339e-05 -0.0206952086837878 0.999785826736188
2024-09-21T14:59:50 8.33072887541787e-05 -0.0206732616248098 0.999786281819113
2024-09-21T15:00:00 7.17615727492051e-05 -0.0206541228060253 0.999786678277616
2024-09-21T15:00:09 6.02062233981172e-05 -0.0206377798368209 0.999787016528329
2024-09-21T15:00:20 4.86427913764538e-05 -0.0206242222300412 0.999787296924343
2024-09-21T15:00:29 3.70728293597052e-05 -0.0206134414081284 0.999787519755532
2024-09-21T15:00:39 2.54978905392337e-05 -0.0206054306434373 0.999787685250152
2024-09-21T15:00:50 1.39195287748573e-05 -0.0206001850706317 0.999787793574868
2024-09-21T15:00:59 2.33929839205339e-06 -0.0205977017020995 0.999787844834652
